FIPS,HR_UID,nameid,province,region,analysisTime,dates,pointprevalence_025,pointprevalence_50,pointprevalence_975,pointinfections_025,pointinfections_50,pointinfections_975,pointinfectious_025,pointinfectious_50,pointinfectious_975,pointinfectiousprevalence_05,pointinfectiousprevalence_50,pointinfectiousprevalence_95,infectrate_025,infectrate_50,infectrate_975
2068,0,USAlaskaDenali,Alaska,Denali,2020-10-17 04:46:28.762886,2020-03-09 00:00:00.000000,0.00313505,0.02666634,0.14294347,0,0,2,0,0,1,0.00137125,0.01417103,0.07230426,0.40973009,0.54522175,0.67135129
2068,0,USAlaskaDenali,Alaska,Denali,2020-10-17 04:46:28.762886,2020-03-10 00:00:00.000000,0.00362524,0.02903654,0.16062869,0,0,3,0,0,1,0.00140402,0.01439317,0.06966031,0.40972991,0.54522598,0.67135111
2068,0,USAlaskaDenali,Alaska,Denali,2020-10-17 04:46:28.762886,2020-03-11 00:00:00.000000,0.00410583,0.03160600,0.17172330,0,0,3,0,0,1,0.00150462,0.01447008,0.07058850,0.40972942,0.54523184,0.67135077
2068,0,USAlaskaDenali,Alaska,Denali,2020-10-17 04:46:28.762886,2020-03-12 00:00:00.000000,0.00460087,0.03439547,0.17911556,0,0,3,0,0,1,0.00167702,0.01531503,0.07428644,0.40972817,0.54523832,0.67135009
2068,0,USAlaskaDenali,Alaska,Denali,2020-10-17 04:46:28.762886,2020-03-13 00:00:00.000000,0.00512595,0.03742589,0.18684392,0,0,3,0,0,1,0.00189370,0.01647735,0.08013223,0.40972490,0.54523957,0.67134862
2068,0,USAlaskaDenali,Alaska,Denali,2020-10-17 04:46:28.762886,2020-03-14 00:00:00.000000,0.00568342,0.04045602,0.19489276,0,0,4,0,0,1,0.00214140,0.01797007,0.08611675,0.39466035,0.54521313,0.67134514
2068,0,USAlaskaDenali,Alaska,Denali,2020-10-17 04:46:28.762886,2020-03-15 00:00:00.000000,0.00620637,0.04317855,0.20325864,0,0,4,0,0,1,0.00241454,0.01946231,0.09216579,0.39441313,0.54006780,0.67133635
2068,0,USAlaskaDenali,Alaska,Denali,2020-10-17 04:46:28.762886,2020-03-16 00:00:00.000000,0.00677103,0.04602815,0.21194143,0,0,4,0,0,2,0.00271166,0.02103622,0.09916603,0.39379863,0.53467821,0.67131278
2068,0,USAlaskaDenali,Alaska,Denali,2020-10-17 04:46:28.762886,2020-03-17 00:00:00.000000,0.00737809,0.04988887,0.22093841,0,1,4,0,0,2,0.00303318,0.02272421,0.10699618,0.39226435,0.52980431,0.67124650
2068,0,USAlaskaDenali,Alaska,Denali,2020-10-17 04:46:28.762886,2020-03-18 00:00:00.000000,0.00801983,0.05417545,0.23024134,0,1,4,0,0,2,0.00337976,0.02463195,0.11473983,0.37501774,0.52204703,0.67105278
2068,0,USAlaskaDenali,Alaska,Denali,2020-10-17 04:46:28.762886,2020-03-19 00:00:00.000000,0.00866876,0.05876850,0.23983000,0,1,5,0,0,2,0.00375045,0.02665983,0.12133031,0.35362608,0.50430496,0.66994977
2068,0,USAlaskaDenali,Alaska,Denali,2020-10-17 04:46:28.762886,2020-03-20 00:00:00.000000,0.00927679,0.06366013,0.24964288,0,1,5,0,0,2,0.00414045,0.02881347,0.12650366,0.34380444,0.48553302,0.66713428
2068,0,USAlaskaDenali,Alaska,Denali,2020-10-17 04:46:28.762886,2020-03-21 00:00:00.000000,0.01003169,0.06856306,0.25952311,0,1,5,0,0,2,0.00459714,0.03108965,0.13181818,0.30587229,0.46520224,0.65405035
2068,0,USAlaskaDenali,Alaska,Denali,2020-10-17 04:46:28.762886,2020-03-22 00:00:00.000000,0.01146547,0.07320635,0.26921388,0,1,5,0,0,2,0.00492711,0.03353916,0.13722576,0.29037108,0.44448220,0.63124195
2068,0,USAlaskaDenali,Alaska,Denali,2020-10-17 04:46:28.762886,2020-03-23 00:00:00.000000,0.01214358,0.07881888,0.27853824,0,1,5,0,0,2,0.00530744,0.03651221,0.14263563,0.28336903,0.42041182,0.60624015
2068,0,USAlaskaDenali,Alaska,Denali,2020-10-17 04:46:28.762886,2020-03-24 00:00:00.000000,0.01283288,0.08250927,0.28757700,0,1,6,0,0,3,0.00567983,0.04000176,0.14794989,0.27304123,0.40867226,0.58802437
2068,0,USAlaskaDenali,Alaska,Denali,2020-10-17 04:46:28.762886,2020-03-25 00:00:00.000000,0.01354631,0.08764439,0.29651654,0,1,6,0,0,3,0.00604911,0.04328818,0.15313144,0.26368730,0.39479896,0.56816569
2068,0,USAlaskaDenali,Alaska,Denali,2020-10-17 04:46:28.762886,2020-03-26 00:00:00.000000,0.01428690,0.09304474,0.30544956,0,1,6,0,0,3,0.00642245,0.04603974,0.15715620,0.25988016,0.38951398,0.53980404
2068,0,USAlaskaDenali,Alaska,Denali,2020-10-17 04:46:28.762886,2020-03-27 00:00:00.000000,0.01503867,0.09784734,0.30858983,0,2,6,0,1,3,0.00681156,0.04811542,0.16022907,0.24328028,0.37986756,0.52717059
2068,0,USAlaskaDenali,Alaska,Denali,2020-10-17 04:46:28.762886,2020-03-28 00:00:00.000000,0.01575623,0.10259176,0.30395451,0,2,6,0,1,3,0.00722255,0.05116332,0.16327921,0.20826778,0.36338506,0.52182875
2068,0,USAlaskaDenali,Alaska,Denali,2020-10-17 04:46:28.762886,2020-03-29 00:00:00.000000,0.01642577,0.10717591,0.30417949,0,2,6,0,1,3,0.00757720,0.05451206,0.16598056,0.20688523,0.35570810,0.51493103
2068,0,USAlaskaDenali,Alaska,Denali,2020-10-17 04:46:28.762886,2020-03-30 00:00:00.000000,0.01708738,0.11200665,0.31778754,0,2,6,0,1,3,0.00794724,0.05786749,0.16778831,0.20204973,0.34591663,0.50607951
2068,0,USAlaskaDenali,Alaska,Denali,2020-10-17 04:46:28.762886,2020-03-31 00:00:00.000000,0.01776424,0.11838417,0.32974305,0,2,6,0,1,3,0.00830787,0.05918879,0.17041931,0.19829692,0.32353506,0.49969133
2068,0,USAlaskaDenali,Alaska,Denali,2020-10-17 04:46:28.762886,2020-04-01 00:00:00.000000,0.01846159,0.12473153,0.33979105,0,2,7,0,1,3,0.00866492,0.06108610,0.17202687,0.19630360,0.30881595,0.49207678
2068,0,USAlaskaDenali,Alaska,Denali,2020-10-17 04:46:28.762886,2020-04-02 00:00:00.000000,0.01917833,0.12675318,0.34901385,0,2,7,0,1,3,0.00907273,0.06349827,0.17409302,0.19474742,0.30385486,0.47079339
2068,0,USAlaskaDenali,Alaska,Denali,2020-10-17 04:46:28.762886,2020-04-03 00:00:00.000000,0.02038548,0.12998852,0.34521544,0,2,7,0,1,3,0.00967262,0.06576984,0.17596075,0.19230172,0.29547144,0.45552182
2068,0,USAlaskaDenali,Alaska,Denali,2020-10-17 04:46:28.762886,2020-04-04 00:00:00.000000,0.02155994,0.13283176,0.34071834,0,2,7,0,1,3,0.01030312,0.06675013,0.17736721,0.18485997,0.28928837,0.45168131
2068,0,USAlaskaDenali,Alaska,Denali,2020-10-17 04:46:28.762886,2020-04-05 00:00:00.000000,0.02247511,0.13232798,0.33883339,0,2,7,0,1,3,0.01094494,0.06834845,0.17838363,0.17839533,0.28332709,0.43246994
2068,0,USAlaskaDenali,Alaska,Denali,2020-10-17 04:46:28.762886,2020-04-06 00:00:00.000000,0.02264850,0.13166374,0.34342570,0,2,7,0,1,3,0.01157972,0.07019097,0.17903119,0.16860121,0.27660908,0.43189659
2068,0,USAlaskaDenali,Alaska,Denali,2020-10-17 04:46:28.762886,2020-04-07 00:00:00.000000,0.02274576,0.13065227,0.34785087,0,2,7,0,1,3,0.01219727,0.06930535,0.17936917,0.16339944,0.27385419,0.42631991
2068,0,USAlaskaDenali,Alaska,Denali,2020-10-17 04:46:28.762886,2020-04-08 00:00:00.000000,0.02302048,0.12864478,0.35163139,0,2,7,0,1,3,0.01279673,0.06828446,0.17946519,0.15797871,0.26401632,0.40733309
2068,0,USAlaskaDenali,Alaska,Denali,2020-10-17 04:46:28.762886,2020-04-09 00:00:00.000000,0.02334960,0.12887223,0.35328110,0,2,7,0,1,3,0.01338301,0.06754651,0.17937892,0.14902177,0.25537510,0.40314220
2068,0,USAlaskaDenali,Alaska,Denali,2020-10-17 04:46:28.762886,2020-04-10 00:00:00.000000,0.02364052,0.12797021,0.35031981,0,2,7,0,1,3,0.01350174,0.06883021,0.17806232,0.14517073,0.24998982,0.39993341
2068,0,USAlaskaDenali,Alaska,Denali,2020-10-17 04:46:28.762886,2020-04-11 00:00:00.000000,0.02430648,0.12598188,0.34252275,0,2,7,0,1,3,0.01357598,0.06822033,0.17518571,0.14199253,0.24272878,0.39338837
2068,0,USAlaskaDenali,Alaska,Denali,2020-10-17 04:46:28.762886,2020-04-12 00:00:00.000000,0.02492212,0.12699639,0.33218667,0,2,6,0,1,3,0.01365664,0.06744010,0.17225930,0.13814151,0.23793397,0.37967577
2068,0,USAlaskaDenali,Alaska,Denali,2020-10-17 04:46:28.762886,2020-04-13 00:00:00.000000,0.02549078,0.12843492,0.32089756,0,2,6,0,1,3,0.01375651,0.06789617,0.16915277,0.13351864,0.23460753,0.36254394
2068,0,USAlaskaDenali,Alaska,Denali,2020-10-17 04:46:28.762886,2020-04-14 00:00:00.000000,0.02602490,0.12654178,0.30936996,0,2,6,0,1,3,0.01387735,0.06956884,0.16566476,0.12697155,0.23391694,0.35173092
2068,0,USAlaskaDenali,Alaska,Denali,2020-10-17 04:46:28.762886,2020-04-15 00:00:00.000000,0.02653594,0.12775976,0.29952472,0,2,6,0,1,3,0.01400980,0.07179681,0.16181919,0.12236720,0.22712245,0.34030137
2068,0,USAlaskaDenali,Alaska,Denali,2020-10-17 04:46:28.762886,2020-04-16 00:00:00.000000,0.02663800,0.12800075,0.30729774,0,2,6,0,1,3,0.01414057,0.07178662,0.16112349,0.11614446,0.22194379,0.33407794
2068,0,USAlaskaDenali,Alaska,Denali,2020-10-17 04:46:28.762886,2020-04-17 00:00:00.000000,0.02630580,0.12545283,0.31431012,0,2,6,0,1,3,0.01425465,0.07229700,0.16464972,0.11675375,0.20931066,0.32738311
2068,0,USAlaskaDenali,Alaska,Denali,2020-10-17 04:46:28.762886,2020-04-18 00:00:00.000000,0.02589584,0.12299390,0.31936951,0,2,6,0,1,3,0.01434157,0.07353454,0.16905278,0.11660700,0.20280051,0.31269305
2068,0,USAlaskaDenali,Alaska,Denali,2020-10-17 04:46:28.762886,2020-04-19 00:00:00.000000,0.02543552,0.11945203,0.32167632,0,2,6,0,1,3,0.01439945,0.07206445,0.17295266,0.11621006,0.20473266,0.30657512
2068,0,USAlaskaDenali,Alaska,Denali,2020-10-17 04:46:28.762886,2020-04-20 00:00:00.000000,0.02494969,0.11470634,0.32699959,0,2,6,0,1,3,0.01443224,0.06942604,0.17216577,0.11057699,0.20287854,0.29875464
2068,0,USAlaskaDenali,Alaska,Denali,2020-10-17 04:46:28.762886,2020-04-21 00:00:00.000000,0.02445289,0.10992399,0.33178511,0,2,6,0,1,3,0.01444551,0.06668506,0.17804550,0.10443918,0.19499242,0.29193815
2068,0,USAlaskaDenali,Alaska,Denali,2020-10-17 04:46:28.762886,2020-04-22 00:00:00.000000,0.02408155,0.10635569,0.33467508,0,2,7,0,1,3,0.01444412,0.06408264,0.17939271,0.10291674,0.18689303,0.28695162
2068,0,USAlaskaDenali,Alaska,Denali,2020-10-17 04:46:28.762886,2020-04-23 00:00:00.000000,0.02399991,0.10445526,0.33033654,0,2,6,0,1,3,0.01443127,0.06299137,0.17979271,0.10017839,0.18263926,0.28041943
2068,0,USAlaskaDenali,Alaska,Denali,2020-10-17 04:46:28.762886,2020-04-24 00:00:00.000000,0.02364370,0.10099461,0.32847932,0,2,6,0,1,3,0.01440786,0.06243730,0.17940278,0.09658890,0.18046585,0.27074525
2068,0,USAlaskaDenali,Alaska,Denali,2020-10-17 04:46:28.762886,2020-04-25 00:00:00.000000,0.02345601,0.09711405,0.33700577,0,2,7,0,1,3,0.01437122,0.06169526,0.18142510,0.09379474,0.17954327,0.26029814
2068,0,USAlaskaDenali,Alaska,Denali,2020-10-17 04:46:28.762886,2020-04-26 00:00:00.000000,0.02329854,0.09322454,0.34040239,0,1,7,0,1,3,0.01437489,0.06089496,0.18288746,0.09078315,0.17477345,0.25035304
2068,0,USAlaskaDenali,Alaska,Denali,2020-10-17 04:46:28.762886,2020-04-27 00:00:00.000000,0.02305973,0.09178483,0.33795991,0,1,7,0,1,3,0.01415072,0.05941148,0.18349562,0.08769716,0.17255244,0.25719480
2068,0,USAlaskaDenali,Alaska,Denali,2020-10-17 04:46:28.762886,2020-04-28 00:00:00.000000,0.02264012,0.08832240,0.33521795,0,1,7,0,1,3,0.01378047,0.05736675,0.18341889,0.08473545,0.16965065,0.25920870
2068,0,USAlaskaDenali,Alaska,Denali,2020-10-17 04:46:28.762886,2020-04-29 00:00:00.000000,0.02221352,0.08435766,0.33228504,0,1,6,0,1,3,0.01339680,0.05628492,0.18284294,0.08197337,0.16655114,0.25654553
2068,0,USAlaskaDenali,Alaska,Denali,2020-10-17 04:46:28.762886,2020-04-30 00:00:00.000000,0.02180193,0.08183879,0.32888660,0,1,6,0,1,3,0.01301570,0.05419059,0.18178740,0.08123251,0.16467643,0.24578082
2068,0,USAlaskaDenali,Alaska,Denali,2020-10-17 04:46:28.762886,2020-05-01 00:00:00.000000,0.02140333,0.08008712,0.32527386,0,1,6,0,1,3,0.01263151,0.05186768,0.18037928,0.08110886,0.16181381,0.23706808
2068,0,USAlaskaDenali,Alaska,Denali,2020-10-17 04:46:28.762886,2020-05-02 00:00:00.000000,0.02071022,0.07758104,0.32134391,0,1,6,0,1,3,0.01216994,0.04944217,0.17877515,0.08085482,0.16144595,0.23548995
2068,0,USAlaskaDenali,Alaska,Denali,2020-10-17 04:46:28.762886,2020-05-03 00:00:00.000000,0.01936879,0.07601478,0.31690171,0,1,6,0,0,3,0.01176141,0.04691833,0.17698469,0.07946644,0.16028636,0.23517752
2068,0,USAlaskaDenali,Alaska,Denali,2020-10-17 04:46:28.762886,2020-05-04 00:00:00.000000,0.01809859,0.07388537,0.30749547,0,1,6,0,0,3,0.01125797,0.04523766,0.17497651,0.07445290,0.15914233,0.23499336
2068,0,USAlaskaDenali,Alaska,Denali,2020-10-17 04:46:28.762886,2020-05-05 00:00:00.000000,0.01690094,0.07130858,0.29698133,0,1,6,0,0,3,0.01074109,0.04415724,0.17268566,0.07172141,0.15984596,0.23636686
2068,0,USAlaskaDenali,Alaska,Denali,2020-10-17 04:46:28.762886,2020-05-06 00:00:00.000000,0.01577554,0.06961037,0.28661076,0,1,6,0,0,3,0.01022526,0.04302705,0.17003403,0.07131955,0.15902017,0.23786854
2068,0,USAlaskaDenali,Alaska,Denali,2020-10-17 04:46:28.762886,2020-05-07 00:00:00.000000,0.01472086,0.06787890,0.27650775,0,1,5,0,0,3,0.00971930,0.04123709,0.16695526,0.07106880,0.15486600,0.23928180
2068,0,USAlaskaDenali,Alaska,Denali,2020-10-17 04:46:28.762886,2020-05-08 00:00:00.000000,0.01373446,0.06580432,0.26676587,0,1,5,0,0,3,0.00922810,0.03939776,0.16342602,0.07045572,0.15198020,0.24220506
2068,0,USAlaskaDenali,Alaska,Denali,2020-10-17 04:46:28.762886,2020-05-09 00:00:00.000000,0.01281326,0.06329917,0.26115283,0,1,5,0,0,3,0.00875362,0.03779136,0.15949409,0.06794262,0.14824363,0.25240625
2068,0,USAlaskaDenali,Alaska,Denali,2020-10-17 04:46:28.762886,2020-05-10 00:00:00.000000,0.01195369,0.06080634,0.25599781,0,1,5,0,0,3,0.00829541,0.03684591,0.15525879,0.06691153,0.14344444,0.25486752
2068,0,USAlaskaDenali,Alaska,Denali,2020-10-17 04:46:28.762886,2020-05-11 00:00:00.000000,0.01115207,0.05832733,0.25035922,0,1,5,0,0,3,0.00775394,0.03551444,0.15082857,0.06417212,0.13950141,0.24820593
2068,0,USAlaskaDenali,Alaska,Denali,2020-10-17 04:46:28.762886,2020-05-12 00:00:00.000000,0.01040478,0.05591281,0.24405048,0,1,5,0,0,3,0.00723761,0.03489457,0.14629658,0.06410404,0.13710785,0.24883376
2068,0,USAlaskaDenali,Alaska,Denali,2020-10-17 04:46:28.762886,2020-05-13 00:00:00.000000,0.00970822,0.05453618,0.23727469,0,1,4,0,0,2,0.00675473,0.03388847,0.14207203,0.06407760,0.13580531,0.23392801
2068,0,USAlaskaDenali,Alaska,Denali,2020-10-17 04:46:28.762886,2020-05-14 00:00:00.000000,0.00905889,0.05272128,0.23037584,0,1,4,0,0,2,0.00630360,0.03283885,0.14185411,0.06409143,0.13292326,0.22026805
2068,0,USAlaskaDenali,Alaska,Denali,2020-10-17 04:46:28.762886,2020-05-15 00:00:00.000000,0.00845394,0.05186056,0.22270083,0,1,4,0,0,2,0.00588246,0.03228037,0.13766410,0.06411927,0.13249962,0.21900473
2068,0,USAlaskaDenali,Alaska,Denali,2020-10-17 04:46:28.762886,2020-05-16 00:00:00.000000,0.00789288,0.04982270,0.21491110,0,1,4,0,0,2,0.00548963,0.03113444,0.13320788,0.06419995,0.13227403,0.21851139
2068,0,USAlaskaDenali,Alaska,Denali,2020-10-17 04:46:28.762886,2020-05-17 00:00:00.000000,0.00737359,0.04777714,0.20974435,0,1,4,0,0,2,0.00512389,0.02952865,0.12893201,0.06359842,0.13258335,0.20928858
2068,0,USAlaskaDenali,Alaska,Denali,2020-10-17 04:46:28.762886,2020-05-18 00:00:00.000000,0.00688998,0.04568839,0.20389429,0,0,4,0,0,2,0.00478405,0.02809243,0.12489319,0.06275944,0.13174462,0.20695467
2068,0,USAlaskaDenali,Alaska,Denali,2020-10-17 04:46:28.762886,2020-05-19 00:00:00.000000,0.00643843,0.04357114,0.19765686,0,0,4,0,0,2,0.00446817,0.02704848,0.12129250,0.06108835,0.12835048,0.20519766
2068,0,USAlaskaDenali,Alaska,Denali,2020-10-17 04:46:28.762886,2020-05-20 00:00:00.000000,0.00601580,0.04180370,0.19155403,0,0,4,0,0,2,0.00417419,0.02626600,0.11821995,0.05681140,0.13004137,0.20279346
2068,0,USAlaskaDenali,Alaska,Denali,2020-10-17 04:46:28.762886,2020-05-21 00:00:00.000000,0.00561844,0.04065609,0.18557010,0,0,3,0,0,2,0.00390014,0.02548528,0.11557864,0.05549445,0.12807369,0.20252770
2068,0,USAlaskaDenali,Alaska,Denali,2020-10-17 04:46:28.762886,2020-05-22 00:00:00.000000,0.00524259,0.03908351,0.18026006,0,0,3,0,0,2,0.00364402,0.02469943,0.11326133,0.05530579,0.12743278,0.20836104
2068,0,USAlaskaDenali,Alaska,Denali,2020-10-17 04:46:28.762886,2020-05-23 00:00:00.000000,0.00488609,0.03652593,0.17391844,0,0,3,0,0,2,0.00340929,0.02351324,0.11119908,0.05539383,0.12391523,0.20785840
2068,0,USAlaskaDenali,Alaska,Denali,2020-10-17 04:46:28.762886,2020-05-24 00:00:00.000000,0.00454941,0.03515636,0.16810233,0,0,3,0,0,2,0.00321185,0.02220152,0.10937118,0.05318380,0.11816830,0.20531650
2068,0,USAlaskaDenali,Alaska,Denali,2020-10-17 04:46:28.762886,2020-05-25 00:00:00.000000,0.00426822,0.03373867,0.16218601,0,0,3,0,0,2,0.00302303,0.02069850,0.10779636,0.05205850,0.11420048,0.20405985
2068,0,USAlaskaDenali,Alaska,Denali,2020-10-17 04:46:28.762886,2020-05-26 00:00:00.000000,0.00395991,0.03142670,0.15622937,0,0,3,0,0,2,0.00276005,0.01925119,0.10648896,0.05207256,0.11128740,0.20346174
2068,0,USAlaskaDenali,Alaska,Denali,2020-10-17 04:46:28.762886,2020-05-27 00:00:00.000000,0.00365779,0.02884958,0.15033292,0,0,3,0,0,2,0.00257038,0.01789803,0.10542681,0.05206923,0.10890206,0.20626851
2068,0,USAlaskaDenali,Alaska,Denali,2020-10-17 04:46:28.762886,2020-05-28 00:00:00.000000,0.00344009,0.02644637,0.14457091,0,0,3,0,0,2,0.00239421,0.01712309,0.10176180,0.04773564,0.10667160,0.20979531
2068,0,USAlaskaDenali,Alaska,Denali,2020-10-17 04:46:28.762886,2020-05-29 00:00:00.000000,0.00327717,0.02436841,0.13898718,0,0,2,0,0,2,0.00226548,0.01648428,0.09711047,0.04788105,0.10619435,0.21222858
2068,0,USAlaskaDenali,Alaska,Denali,2020-10-17 04:46:28.762886,2020-05-30 00:00:00.000000,0.00311809,0.02301836,0.13430798,0,0,2,0,0,1,0.00215620,0.01587206,0.09244760,0.05046678,0.10626838,0.22485738
2068,0,USAlaskaDenali,Alaska,Denali,2020-10-17 04:46:28.762886,2020-05-31 00:00:00.000000,0.00293112,0.02190342,0.13504366,0,0,2,0,0,1,0.00205275,0.01488149,0.08889692,0.05031479,0.10397579,0.23411252
2068,0,USAlaskaDenali,Alaska,Denali,2020-10-17 04:46:28.762886,2020-06-01 00:00:00.000000,0.00275567,0.02073462,0.13593139,0,0,2,0,0,1,0.00191353,0.01390492,0.08658250,0.05016026,0.10249071,0.23709097
2068,0,USAlaskaDenali,Alaska,Denali,2020-10-17 04:46:28.762886,2020-06-02 00:00:00.000000,0.00259034,0.01957464,0.13647060,0,0,2,0,0,1,0.00177234,0.01298979,0.08428631,0.05013060,0.09947319,0.23486840
2068,0,USAlaskaDenali,Alaska,Denali,2020-10-17 04:46:28.762886,2020-06-03 00:00:00.000000,0.00243330,0.01847146,0.13626534,0,0,2,0,0,1,0.00163617,0.01232608,0.08313735,0.05013773,0.09914158,0.22304458
2068,0,USAlaskaDenali,Alaska,Denali,2020-10-17 04:46:28.762886,2020-06-04 00:00:00.000000,0.00228183,0.01775961,0.13520440,0,0,2,0,0,1,0.00150667,0.01174256,0.08339800,0.05019013,0.09893172,0.20413258
2068,0,USAlaskaDenali,Alaska,Denali,2020-10-17 04:46:28.762886,2020-06-05 00:00:00.000000,0.00213273,0.01712612,0.13389511,0,0,2,0,0,1,0.00138456,0.01119101,0.08335117,0.05040656,0.09791525,0.19871784
2068,0,USAlaskaDenali,Alaska,Denali,2020-10-17 04:46:28.762886,2020-06-06 00:00:00.000000,0.00198491,0.01650966,0.13253271,0,0,2,0,0,1,0.00126975,0.01067056,0.08299569,0.05105497,0.09739991,0.19814716
2068,0,USAlaskaDenali,Alaska,Denali,2020-10-17 04:46:28.762886,2020-06-07 00:00:00.000000,0.00183012,0.01560630,0.12795140,0,0,2,0,0,1,0.00116198,0.01018065,0.08239126,0.04392279,0.09494104,0.19834613
2068,0,USAlaskaDenali,Alaska,Denali,2020-10-17 04:46:28.762886,2020-06-08 00:00:00.000000,0.00166598,0.01492807,0.12125124,0,0,2,0,0,1,0.00106158,0.00964726,0.08168908,0.04447037,0.09169175,0.19838395
2068,0,USAlaskaDenali,Alaska,Denali,2020-10-17 04:46:28.762886,2020-06-09 00:00:00.000000,0.00151595,0.01419494,0.11489779,0,0,2,0,0,1,0.00098218,0.00916469,0.08092768,0.04610289,0.09123534,0.19783535
2068,0,USAlaskaDenali,Alaska,Denali,2020-10-17 04:46:28.762886,2020-06-10 00:00:00.000000,0.00137903,0.01363490,0.11227639,0,0,2,0,0,1,0.00089438,0.00869778,0.08012725,0.04834949,0.09082009,0.19549870
2068,0,USAlaskaDenali,Alaska,Denali,2020-10-17 04:46:28.762886,2020-06-11 00:00:00.000000,0.00125421,0.01309777,0.11110766,0,0,2,0,0,1,0.00081396,0.00824801,0.07901628,0.04867594,0.08980182,0.18710975
2068,0,USAlaskaDenali,Alaska,Denali,2020-10-17 04:46:28.762886,2020-06-12 00:00:00.000000,0.00114053,0.01249165,0.10965745,0,0,2,0,0,1,0.00074045,0.00771173,0.07479948,0.04513268,0.08803584,0.16780336
2068,0,USAlaskaDenali,Alaska,Denali,2020-10-17 04:46:28.762886,2020-06-13 00:00:00.000000,0.00103637,0.01190803,0.10794866,0,0,2,0,0,1,0.00067337,0.00739291,0.07071315,0.04565633,0.08608171,0.16391013
2068,0,USAlaskaDenali,Alaska,Denali,2020-10-17 04:46:28.762886,2020-06-14 00:00:00.000000,0.00094273,0.01134166,0.10603358,0,0,2,0,0,1,0.00061222,0.00716019,0.06676338,0.04567201,0.08591000,0.16359592
2068,0,USAlaskaDenali,Alaska,Denali,2020-10-17 04:46:28.762886,2020-06-15 00:00:00.000000,0.00085684,0.01079279,0.10552486,0,0,2,0,0,1,0.00055655,0.00692340,0.06296707,0.04510792,0.08511933,0.16279940
2068,0,USAlaskaDenali,Alaska,Denali,2020-10-17 04:46:28.762886,2020-06-16 00:00:00.000000,0.00077908,0.01026578,0.10659283,0,0,2,0,0,1,0.00050592,0.00664218,0.06050638,0.04483495,0.08506180,0.16088048
2068,0,USAlaskaDenali,Alaska,Denali,2020-10-17 04:46:28.762886,2020-06-17 00:00:00.000000,0.00070866,0.00971978,0.10459930,0,0,2,0,0,1,0.00045996,0.00626883,0.05945088,0.04470201,0.08441256,0.16079873
2068,0,USAlaskaDenali,Alaska,Denali,2020-10-17 04:46:28.762886,2020-06-18 00:00:00.000000,0.00064474,0.00910637,0.10081273,0,0,2,0,0,1,0.00041828,0.00591436,0.05953748,0.04463833,0.08250041,0.16018741
2068,0,USAlaskaDenali,Alaska,Denali,2020-10-17 04:46:28.762886,2020-06-19 00:00:00.000000,0.00058650,0.00856122,0.09691245,0,0,2,0,0,1,0.00038046,0.00557702,0.06012160,0.04460362,0.08068025,0.15923867
2068,0,USAlaskaDenali,Alaska,Denali,2020-10-17 04:46:28.762886,2020-06-20 00:00:00.000000,0.00053293,0.00815351,0.09316864,0,0,1,0,0,1,0.00034608,0.00525396,0.06060614,0.04216844,0.08111883,0.15797447
2068,0,USAlaskaDenali,Alaska,Denali,2020-10-17 04:46:28.762886,2020-06-21 00:00:00.000000,0.00048316,0.00775617,0.09105854,0,0,1,0,0,1,0.00031468,0.00494632,0.06058210,0.03762550,0.08151616,0.16160997
2068,0,USAlaskaDenali,Alaska,Denali,2020-10-17 04:46:28.762886,2020-06-22 00:00:00.000000,0.00043729,0.00736626,0.08899023,0,0,1,0,0,1,0.00028579,0.00470857,0.05825309,0.03576364,0.08011839,0.16324414
2068,0,USAlaskaDenali,Alaska,Denali,2020-10-17 04:46:28.762886,2020-06-23 00:00:00.000000,0.00039541,0.00698859,0.08691559,0,0,1,0,0,1,0.00025919,0.00447966,0.05594291,0.03521101,0.07874389,0.16170989
2068,0,USAlaskaDenali,Alaska,Denali,2020-10-17 04:46:28.762886,2020-06-24 00:00:00.000000,0.00035734,0.00662820,0.08475768,0,0,1,0,0,1,0.00023479,0.00425432,0.05366879,0.03403282,0.07912796,0.15732135
2068,0,USAlaskaDenali,Alaska,Denali,2020-10-17 04:46:28.762886,2020-06-25 00:00:00.000000,0.00032279,0.00628736,0.08245753,0,0,1,0,0,1,0.00021248,0.00402478,0.05143711,0.03269866,0.08012352,0.15221136
2068,0,USAlaskaDenali,Alaska,Denali,2020-10-17 04:46:28.762886,2020-06-26 00:00:00.000000,0.00029148,0.00596554,0.08001683,0,0,1,0,0,1,0.00019215,0.00380172,0.04924501,0.03138287,0.07835027,0.15621050
2068,0,USAlaskaDenali,Alaska,Denali,2020-10-17 04:46:28.762886,2020-06-27 00:00:00.000000,0.00026308,0.00566065,0.07748698,0,0,1,0,0,0,0.00017367,0.00358654,0.04750238,0.03050949,0.07784234,0.16357786
2068,0,USAlaskaDenali,Alaska,Denali,2020-10-17 04:46:28.762886,2020-06-28 00:00:00.000000,0.00023722,0.00533651,0.07491831,0,0,1,0,0,0,0.00015689,0.00337953,0.04617584,0.03010636,0.07686188,0.16115531
2068,0,USAlaskaDenali,Alaska,Denali,2020-10-17 04:46:28.762886,2020-06-29 00:00:00.000000,0.00021362,0.00499503,0.07232629,0,0,1,0,0,0,0.00014163,0.00317867,0.04480756,0.02872154,0.07373353,0.16052055
2068,0,USAlaskaDenali,Alaska,Denali,2020-10-17 04:46:28.762886,2020-06-30 00:00:00.000000,0.00019221,0.00466462,0.06968913,0,0,1,0,0,0,0.00012773,0.00298278,0.04340752,0.02803264,0.07307339,0.16022554
2068,0,USAlaskaDenali,Alaska,Denali,2020-10-17 04:46:28.762886,2020-07-01 00:00:00.000000,0.00017285,0.00434654,0.06694445,0,0,1,0,0,0,0.00011509,0.00279889,0.04197800,0.02813378,0.07257350,0.15971309
2068,0,USAlaskaDenali,Alaska,Denali,2020-10-17 04:46:28.762886,2020-07-02 00:00:00.000000,0.00015540,0.00403982,0.06402657,0,0,1,0,0,0,0.00010363,0.00263034,0.04051225,0.02819291,0.07106845,0.14835566
2068,0,USAlaskaDenali,Alaska,Denali,2020-10-17 04:46:28.762886,2020-07-03 00:00:00.000000,0.00013966,0.00374737,0.06103516,0,0,1,0,0,0,0.00009325,0.00246877,0.03900152,0.02818998,0.07062526,0.13819291
2068,0,USAlaskaDenali,Alaska,Denali,2020-10-17 04:46:28.762886,2020-07-04 00:00:00.000000,0.00012549,0.00347035,0.05803631,0,0,1,0,0,0,0.00008388,0.00231378,0.03744640,0.02508359,0.07069948,0.13432602
2068,0,USAlaskaDenali,Alaska,Denali,2020-10-17 04:46:28.762886,2020-07-05 00:00:00.000000,0.00011268,0.00320101,0.05508815,0,0,1,0,0,0,0.00007542,0.00216535,0.03584108,0.02406523,0.06876831,0.13097596
2068,0,USAlaskaDenali,Alaska,Denali,2020-10-17 04:46:28.762886,2020-07-06 00:00:00.000000,0.02064944,0.05312087,0.12150105,0,1,2,0,0,0,0.00006778,0.00202372,0.03419541,0.02316229,0.06855120,0.12840037
2068,0,USAlaskaDenali,Alaska,Denali,2020-10-17 04:46:28.762886,2020-07-07 00:00:00.000000,0.04088091,0.09812852,0.23350832,0,2,4,0,0,0,0.00474913,0.01323360,0.04273744,0.02228931,0.06769114,0.12751113
2068,0,USAlaskaDenali,Alaska,Denali,2020-10-17 04:46:28.762886,2020-07-08 00:00:00.000000,0.06078167,0.14494191,0.35087371,1,3,7,0,0,1,0.01094128,0.02876733,0.08116781,0.02188455,0.06701511,0.12718304
2068,0,USAlaskaDenali,Alaska,Denali,2020-10-17 04:46:28.762886,2020-07-09 00:00:00.000000,0.08050150,0.18955188,0.46724829,1,3,9,0,1,2,0.01850420,0.04858577,0.13006381,0.02172968,0.06705497,0.12955710
2068,0,USAlaskaDenali,Alaska,Denali,2020-10-17 04:46:28.762886,2020-07-10 00:00:00.000000,0.09991069,0.23340597,0.58080105,2,4,12,0,1,3,0.02688513,0.07070979,0.18336694,0.02201531,0.06744549,0.13411722
2068,0,USAlaskaDenali,Alaska,Denali,2020-10-17 04:46:28.762886,2020-07-11 00:00:00.000000,0.11781313,0.27114372,0.68982535,2,5,14,0,1,4,0.03549341,0.09030119,0.23841160,0.02200010,0.06828534,0.13272451
2068,0,USAlaskaDenali,Alaska,Denali,2020-10-17 04:46:28.762886,2020-07-12 00:00:00.000000,0.13482943,0.31208598,0.79330172,2,6,16,0,2,6,0.04404069,0.11293925,0.29345185,0.02196328,0.06670729,0.13504379
2068,0,USAlaskaDenali,Alaska,Denali,2020-10-17 04:46:28.762886,2020-07-13 00:00:00.000000,0.16797461,0.34126301,0.87329442,3,7,18,1,2,7,0.05236977,0.13407224,0.34738086,0.02187872,0.06464070,0.13589639
2068,0,USAlaskaDenali,Alaska,Denali,2020-10-17 04:46:28.762886,2020-07-14 00:00:00.000000,0.18526643,0.37650849,0.88359750,3,7,18,1,3,8,0.07448394,0.15462122,0.38994508,0.02169608,0.06312565,0.13490944
2068,0,USAlaskaDenali,Alaska,Denali,2020-10-17 04:46:28.762886,2020-07-15 00:00:00.000000,0.20116710,0.40951152,0.89237999,4,8,18,1,3,9,0.08468441,0.18090190,0.43246713,0.02162086,0.06229743,0.13290231
2068,0,USAlaskaDenali,Alaska,Denali,2020-10-17 04:46:28.762886,2020-07-16 00:00:00.000000,0.21523513,0.44640172,0.89335261,4,9,18,1,4,10,0.09459663,0.20063103,0.47869661,0.02168882,0.06265602,0.13364012
2068,0,USAlaskaDenali,Alaska,Denali,2020-10-17 04:46:28.762886,2020-07-17 00:00:00.000000,0.22840264,0.47297116,1.02624551,4,9,21,2,4,10,0.10415407,0.21746364,0.48704096,0.02184317,0.06276298,0.13341470
2068,0,USAlaskaDenali,Alaska,Denali,2020-10-17 04:46:28.762886,2020-07-18 00:00:00.000000,0.24074208,0.50579193,1.09192877,5,10,22,2,5,10,0.11329817,0.23853234,0.51722459,0.02210187,0.06324818,0.13148835
2068,0,USAlaskaDenali,Alaska,Denali,2020-10-17 04:46:28.762886,2020-07-19 00:00:00.000000,0.25231376,0.52572525,1.15665001,5,11,24,2,5,12,0.12199099,0.25471327,0.58265849,0.02227172,0.06370929,0.13028957
2068,0,USAlaskaDenali,Alaska,Denali,2020-10-17 04:46:28.762886,2020-07-20 00:00:00.000000,0.24232906,0.49351593,1.10016897,5,10,23,2,5,13,0.13022226,0.26360584,0.64564603,0.02216523,0.06204947,0.12677542
2068,0,USAlaskaDenali,Alaska,Denali,2020-10-17 04:46:28.762886,2020-07-21 00:00:00.000000,0.23168022,0.46228686,1.05829198,4,9,22,2,5,13,0.13419773,0.26868600,0.65557694,0.02205651,0.06240790,0.12595322
2068,0,USAlaskaDenali,Alaska,Denali,2020-10-17 04:46:28.762886,2020-07-22 00:00:00.000000,0.21737050,0.43855597,1.01347184,4,9,21,2,5,13,0.13512894,0.26655387,0.64720001,0.02193077,0.06265636,0.12755609
2068,0,USAlaskaDenali,Alaska,Denali,2020-10-17 04:46:28.762886,2020-07-23 00:00:00.000000,0.20193371,0.41649854,0.96728459,4,8,20,2,5,13,0.13391455,0.25752256,0.62788696,0.02165010,0.06106351,0.12884778
2068,0,USAlaskaDenali,Alaska,Denali,2020-10-17 04:46:28.762886,2020-07-24 00:00:00.000000,0.18673948,0.39596035,0.92112058,3,8,19,2,5,12,0.13121892,0.24520674,0.58116197,0.02112408,0.05900526,0.13012276
2068,0,USAlaskaDenali,Alaska,Denali,2020-10-17 04:46:28.762886,2020-07-25 00:00:00.000000,0.17211894,0.36765178,0.87631260,3,7,18,2,4,11,0.12387597,0.23290470,0.55943315,0.02062355,0.05841438,0.13147487
2068,0,USAlaskaDenali,Alaska,Denali,2020-10-17 04:46:28.762886,2020-07-26 00:00:00.000000,0.15830630,0.34555963,0.83325362,3,7,17,2,4,11,0.11568708,0.21978763,0.54002824,0.02044418,0.05668072,0.13027050
2068,0,USAlaskaDenali,Alaska,Denali,2020-10-17 04:46:28.762886,2020-07-27 00:00:00.000000,0.14547275,0.32581545,0.78066978,3,6,16,2,4,10,0.10747415,0.20787959,0.51923090,0.02052836,0.05562335,0.12906165
2068,0,USAlaskaDenali,Alaska,Denali,2020-10-17 04:46:28.762886,2020-07-28 00:00:00.000000,0.13507623,0.30564027,0.72000732,2,6,15,2,4,10,0.09907803,0.19931105,0.49407076,0.02077846,0.05765827,0.13070509
2068,0,USAlaskaDenali,Alaska,Denali,2020-10-17 04:46:28.762886,2020-07-29 00:00:00.000000,0.12809296,0.28515638,0.66290653,2,5,13,1,3,9,0.09031706,0.18886661,0.46749295,0.02116433,0.05815748,0.13185997
2068,0,USAlaskaDenali,Alaska,Denali,2020-10-17 04:46:28.762886,2020-07-30 00:00:00.000000,0.12131196,0.26321108,0.60945749,2,5,12,1,3,9,0.08211403,0.17703068,0.44198136,0.02167706,0.05867520,0.13235163
2068,0,USAlaskaDenali,Alaska,Denali,2020-10-17 04:46:28.762886,2020-07-31 00:00:00.000000,0.11056095,0.24849616,0.57126736,2,5,11,1,3,8,0.07449987,0.16906430,0.41763965,0.02229101,0.05637123,0.13249557
2068,0,USAlaskaDenali,Alaska,Denali,2020-10-17 04:46:28.762886,2020-08-01 00:00:00.000000,0.09581608,0.23366862,0.53614999,2,4,11,1,3,8,0.06790158,0.15897097,0.39451390,0.02295064,0.05488802,0.13299397
2068,0,USAlaskaDenali,Alaska,Denali,2020-10-17 04:46:28.762886,2020-08-02 00:00:00.000000,0.08553041,0.21381088,0.50241391,1,4,10,1,3,7,0.06093456,0.14518556,0.37261418,0.02358426,0.05504005,0.13403519
2068,0,USAlaskaDenali,Alaska,Denali,2020-10-17 04:46:28.762886,2020-08-03 00:00:00.000000,0.07800979,0.19498892,0.47038544,1,4,9,1,2,7,0.05504131,0.13177123,0.35188685,0.02201192,0.05419509,0.13492219
2068,0,USAlaskaDenali,Alaska,Denali,2020-10-17 04:46:28.762886,2020-08-04 00:00:00.000000,0.07038240,0.18195811,0.44240493,1,3,9,1,2,6,0.04982900,0.12106470,0.33217011,0.02101299,0.05322450,0.13556536
2068,0,USAlaskaDenali,Alaska,Denali,2020-10-17 04:46:28.762886,2020-08-05 00:00:00.000000,0.06076152,0.17174907,0.41751951,1,3,8,0,2,6,0.04427334,0.11113777,0.31358407,0.02138607,0.05254082,0.13587989
2068,0,USAlaskaDenali,Alaska,Denali,2020-10-17 04:46:28.762886,2020-08-06 00:00:00.000000,0.05244856,0.16071026,0.39384562,1,3,8,0,2,6,0.03828747,0.10466095,0.29603531,0.02150444,0.05188497,0.13575173
2068,0,USAlaskaDenali,Alaska,Denali,2020-10-17 04:46:28.762886,2020-08-07 00:00:00.000000,0.04527765,0.14875616,0.37116544,0,3,7,0,2,5,0.03309473,0.09808820,0.27640382,0.02197202,0.05127402,0.13499941
2068,0,USAlaskaDenali,Alaska,Denali,2020-10-17 04:46:28.762886,2020-08-08 00:00:00.000000,0.03910626,0.13611007,0.34846823,0,2,7,0,1,5,0.02859809,0.09301398,0.25650107,0.02315703,0.05158666,0.13336771
2068,0,USAlaskaDenali,Alaska,Denali,2020-10-17 04:46:28.762886,2020-08-09 00:00:00.000000,0.03380849,0.12364010,0.32256917,0,2,6,0,1,4,0.02471191,0.08814119,0.23789100,0.02236082,0.05041191,0.13056088
2068,0,USAlaskaDenali,Alaska,Denali,2020-10-17 04:46:28.762886,2020-08-10 00:00:00.000000,0.02926759,0.11259081,0.29854998,0,2,6,0,1,4,0.02136060,0.08332024,0.22050993,0.02137697,0.04987131,0.12644585
2068,0,USAlaskaDenali,Alaska,Denali,2020-10-17 04:46:28.762886,2020-08-11 00:00:00.000000,0.02537302,0.10343179,0.27630112,0,2,5,0,1,4,0.01847619,0.07870503,0.20431350,0.02136821,0.05055241,0.12152703
2068,0,USAlaskaDenali,Alaska,Denali,2020-10-17 04:46:28.762886,2020-08-12 00:00:00.000000,0.02202501,0.09317975,0.25571001,0,1,5,0,1,3,0.01599629,0.07236355,0.18925020,0.02110476,0.05127368,0.12111927
2068,0,USAlaskaDenali,Alaska,Denali,2020-10-17 04:46:28.762886,2020-08-13 00:00:00.000000,0.01913913,0.08441002,0.23666752,0,1,4,0,1,3,0.01386388,0.06626234,0.17526241,0.02088670,0.05229897,0.12105942
2068,0,USAlaskaDenali,Alaska,Denali,2020-10-17 04:46:28.762886,2020-08-14 00:00:00.000000,0.01664584,0.07662872,0.21908682,0,1,4,0,1,3,0.01202835,0.06081680,0.16228971,0.02080268,0.05250467,0.12084658
2068,0,USAlaskaDenali,Alaska,Denali,2020-10-17 04:46:28.762886,2020-08-15 00:00:00.000000,0.01448778,0.07008087,0.20374503,0,1,4,0,1,3,0.01044601,0.05474160,0.15027167,0.02070826,0.05159037,0.12015496
2068,0,USAlaskaDenali,Alaska,Denali,2020-10-17 04:46:28.762886,2020-08-16 00:00:00.000000,0.01261730,0.06440155,0.18900103,0,1,3,0,1,2,0.00907973,0.04917961,0.14051921,0.02059224,0.05168636,0.11768726
2068,0,USAlaskaDenali,Alaska,Denali,2020-10-17 04:46:28.762886,2020-08-17 00:00:00.000000,0.04456803,0.10582864,0.22472498,0,2,4,0,0,2,0.00790078,0.04420159,0.13348415,0.02044883,0.04823610,0.11293282
2068,0,USAlaskaDenali,Alaska,Denali,2020-10-17 04:46:28.762886,2020-08-18 00:00:00.000000,0.06189939,0.15015415,0.28174714,1,3,5,0,1,2,0.01700933,0.05037708,0.13777230,0.02027055,0.04836973,0.11133914
2068,0,USAlaskaDenali,Alaska,Denali,2020-10-17 04:46:28.762886,2020-08-19 00:00:00.000000,0.07920027,0.18497169,0.35000793,1,3,7,0,1,3,0.02329616,0.06527472,0.14957781,0.02020050,0.04944726,0.10865660
2068,0,USAlaskaDenali,Alaska,Denali,2020-10-17 04:46:28.762886,2020-08-20 00:00:00.000000,0.09629830,0.21437405,0.44115755,2,4,9,0,1,3,0.02936860,0.08127837,0.16654767,0.01957047,0.05042672,0.10754962
2068,0,USAlaskaDenali,Alaska,Denali,2020-10-17 04:46:28.762886,2020-08-21 00:00:00.000000,0.11281733,0.23872229,0.51926261,2,5,10,0,2,3,0.03634628,0.09779432,0.18668407,0.01878244,0.04941769,0.10729263
2068,0,USAlaskaDenali,Alaska,Denali,2020-10-17 04:46:28.762886,2020-08-22 00:00:00.000000,0.12852142,0.27421197,0.59474414,2,5,12,0,2,4,0.04375031,0.11460649,0.20869986,0.01746896,0.04813387,0.10110775
2068,0,USAlaskaDenali,Alaska,Denali,2020-10-17 04:46:28.762886,2020-08-23 00:00:00.000000,0.14326930,0.30680441,0.66639200,3,6,13,1,2,5,0.05124990,0.13220399,0.24771826,0.01675706,0.04737474,0.10454941
2068,0,USAlaskaDenali,Alaska,Denali,2020-10-17 04:46:28.762886,2020-08-24 00:00:00.000000,0.17877472,0.33100790,0.74507671,3,6,15,1,3,5,0.05862056,0.14782675,0.27500521,0.01649405,0.04758037,0.09651438
2068,0,USAlaskaDenali,Alaska,Denali,2020-10-17 04:46:28.762886,2020-08-25 00:00:00.000000,0.20138780,0.35390894,0.78693133,4,7,16,1,3,6,0.06518913,0.16457545,0.30758502,0.01640339,0.04761512,0.09262807
2068,0,USAlaskaDenali,Alaska,Denali,2020-10-17 04:46:28.762886,2020-08-26 00:00:00.000000,0.22329335,0.38937748,0.77585733,4,8,16,1,3,7,0.08571951,0.17947693,0.33430267,0.01637214,0.04702208,0.09665725
2068,0,USAlaskaDenali,Alaska,Denali,2020-10-17 04:46:28.762886,2020-08-27 00:00:00.000000,0.23960254,0.41980608,0.80679169,5,8,16,2,4,7,0.10431502,0.19959021,0.35600326,0.01635907,0.04670491,0.09899858
2068,0,USAlaskaDenali,Alaska,Denali,2020-10-17 04:46:28.762886,2020-08-28 00:00:00.000000,0.25019186,0.45250684,0.83357802,5,9,17,2,4,8,0.11257831,0.21814910,0.38980114,0.01633417,0.04549377,0.10014443
2068,0,USAlaskaDenali,Alaska,Denali,2020-10-17 04:46:28.762886,2020-08-29 00:00:00.000000,0.26021776,0.47460341,0.90597029,5,9,18,2,4,8,0.11960836,0.23113421,0.42564997,0.01614877,0.04479185,0.10072607
2068,0,USAlaskaDenali,Alaska,Denali,2020-10-17 04:46:28.762886,2020-08-30 00:00:00.000000,0.26962568,0.49351892,0.97788433,5,10,20,2,5,9,0.12677932,0.24663292,0.43689351,0.01622361,0.04624476,0.10106732
2068,0,USAlaskaDenali,Alaska,Denali,2020-10-17 04:46:28.762886,2020-08-31 00:00:00.000000,0.25507441,0.47054702,0.94020878,5,9,19,2,5,9,0.13360757,0.26124084,0.47409294,0.01648946,0.04719225,0.10284521
2068,0,USAlaskaDenali,Alaska,Denali,2020-10-17 04:46:28.762886,2020-09-01 00:00:00.000000,0.23906746,0.44539398,0.90281551,5,9,18,2,5,10,0.13457698,0.26375669,0.49436888,0.01655126,0.04651341,0.10707084
2068,0,USAlaskaDenali,Alaska,Denali,2020-10-17 04:46:28.762886,2020-09-02 00:00:00.000000,0.22211518,0.41819473,0.86489349,4,8,18,2,5,10,0.13182465,0.26028171,0.49903871,0.01657352,0.04808032,0.11112810
2068,0,USAlaskaDenali,Alaska,Denali,2020-10-17 04:46:28.762886,2020-09-03 00:00:00.000000,0.20497829,0.38977302,0.82445500,4,8,17,2,5,10,0.12679589,0.25403898,0.49274134,0.01662127,0.04744357,0.11007770
2068,0,USAlaskaDenali,Alaska,Denali,2020-10-17 04:46:28.762886,2020-09-04 00:00:00.000000,0.18817235,0.35986255,0.78315270,3,7,16,2,5,10,0.11950336,0.24358294,0.47888940,0.01674818,0.04793295,0.10718014
2068,0,USAlaskaDenali,Alaska,Denali,2020-10-17 04:46:28.762886,2020-09-05 00:00:00.000000,0.16885345,0.33634724,0.74141052,3,7,15,2,4,9,0.11297085,0.23106629,0.45997031,0.01687803,0.04854826,0.10893011
2068,0,USAlaskaDenali,Alaska,Denali,2020-10-17 04:46:28.762886,2020-09-06 00:00:00.000000,0.15215642,0.31697011,0.69826930,3,6,14,2,4,9,0.10600345,0.21705111,0.43779434,0.01692758,0.04928954,0.11125663
2068,0,USAlaskaDenali,Alaska,Denali,2020-10-17 04:46:28.762886,2020-09-07 00:00:00.000000,0.18249803,0.34196640,0.71066666,3,7,14,2,4,8,0.09867227,0.20449363,0.41369509,0.01694051,0.05027297,0.12070065
2068,0,USAlaskaDenali,Alaska,Denali,2020-10-17 04:46:28.762886,2020-09-08 00:00:00.000000,0.21121093,0.36262094,0.72257351,4,7,15,2,4,8,0.10169136,0.20297915,0.40196763,0.01694614,0.05001176,0.12821906
2068,0,USAlaskaDenali,Alaska,Denali,2020-10-17 04:46:28.762886,2020-09-09 00:00:00.000000,0.22564749,0.37821726,0.73708219,4,7,15,2,4,8,0.11123205,0.20122634,0.39909235,0.01695411,0.04988806,0.11570168
2068,0,USAlaskaDenali,Alaska,Denali,2020-10-17 04:46:28.762886,2020-09-10 00:00:00.000000,0.23023109,0.40946993,0.80396263,4,8,16,2,4,8,0.12519054,0.20802256,0.40245142,0.01697282,0.04745463,0.11372910
2068,0,USAlaskaDenali,Alaska,Denali,2020-10-17 04:46:28.762886,2020-09-11 00:00:00.000000,0.23962846,0.43858953,0.86073094,5,9,18,2,4,8,0.13492858,0.22318205,0.41142583,0.01702236,0.04702820,0.11405456
2068,0,USAlaskaDenali,Alaska,Denali,2020-10-17 04:46:28.762886,2020-09-12 00:00:00.000000,0.25349679,0.46285345,0.89535521,5,9,18,2,4,9,0.13886397,0.23214441,0.46013639,0.01714982,0.04568435,0.11430945
2068,0,USAlaskaDenali,Alaska,Denali,2020-10-17 04:46:28.762886,2020-09-13 00:00:00.000000,0.26644199,0.48238616,0.92795683,5,10,19,2,5,10,0.14087461,0.23981989,0.52041507,0.01736614,0.04807597,0.11430611
2068,0,USAlaskaDenali,Alaska,Denali,2020-10-17 04:46:28.762886,2020-09-14 00:00:00.000000,0.34097879,0.67690949,1.34771890,7,14,28,3,5,11,0.14316213,0.24933229,0.54251962,0.01753434,0.04908374,0.11412050
2068,0,USAlaskaDenali,Alaska,Denali,2020-10-17 04:46:28.762886,2020-09-15 00:00:00.000000,0.36201758,0.79895267,1.56064540,7,16,32,3,6,12,0.17343785,0.29259359,0.61467236,0.01771865,0.05076778,0.11395640
2068,0,USAlaskaDenali,Alaska,Denali,2020-10-17 04:46:28.762886,2020-09-16 00:00:00.000000,0.38315728,0.90573374,1.92260295,8,18,40,3,7,15,0.18526283,0.35792400,0.72007912,0.01803365,0.05243348,0.11372475
2068,0,USAlaskaDenali,Alaska,Denali,2020-10-17 04:46:28.762886,2020-09-17 00:00:00.000000,0.38925499,1.03688130,2.28419129,8,21,47,3,8,17,0.18584729,0.42463864,0.84746865,0.01771596,0.05305872,0.10895085
2068,0,USAlaskaDenali,Alaska,Denali,2020-10-17 04:46:28.762886,2020-09-18 00:00:00.000000,0.41464778,1.14855479,2.71290909,8,24,56,3,10,20,0.18530950,0.49878355,0.98762921,0.01775521,0.05332493,0.11373474
2068,0,USAlaskaDenali,Alaska,Denali,2020-10-17 04:46:28.762886,2020-09-19 00:00:00.000000,0.43801372,1.26268088,3.14951881,9,26,66,4,11,24,0.19696107,0.54917955,1.15966759,0.01778373,0.05375326,0.11551998
2068,0,USAlaskaDenali,Alaska,Denali,2020-10-17 04:46:28.762886,2020-09-20 00:00:00.000000,0.45929207,1.35301471,3.56745771,9,28,74,4,12,27,0.20988676,0.59374882,1.33292441,0.01781228,0.05288832,0.11758858
2068,0,USAlaskaDenali,Alaska,Denali,2020-10-17 04:46:28.762886,2020-09-21 00:00:00.000000,0.90659182,1.74869306,3.82521252,19,36,80,4,13,31,0.22193795,0.64664182,1.52515163,0.01785013,0.05219804,0.11935679
2068,0,USAlaskaDenali,Alaska,Denali,2020-10-17 04:46:28.762886,2020-09-22 00:00:00.000000,1.35205237,2.13467523,4.15142269,28,44,87,6,16,36,0.32998055,0.76680673,1.75602664,0.01775488,0.05143486,0.12037556
2068,0,USAlaskaDenali,Alaska,Denali,2020-10-17 04:46:28.762886,2020-09-23 00:00:00.000000,1.79043999,2.52926812,4.46515302,37,53,93,10,19,41,0.49461225,0.93225071,1.98178201,0.01737646,0.05223942,0.12072344
2068,0,USAlaskaDenali,Alaska,Denali,2020-10-17 04:46:28.762886,2020-09-24 00:00:00.000000,2.21823402,2.93307882,4.73464932,46,61,99,14,23,44,0.68516392,1.13128032,2.14007834,0.01682791,0.05313834,0.12039202
2068,0,USAlaskaDenali,Alaska,Denali,2020-10-17 04:46:28.762886,2020-09-25 00:00:00.000000,2.63272561,3.30811958,5.00095586,55,69,104,18,28,47,0.86486391,1.34284746,2.26656302,0.01617341,0.05221735,0.11798647
2068,0,USAlaskaDenali,Alaska,Denali,2020-10-17 04:46:28.762886,2020-09-26 00:00:00.000000,3.00737258,3.63618242,5.25060359,63,76,110,21,32,51,1.01775251,1.56596507,2.44582683,0.01555252,0.05121684,0.11801350
2068,0,USAlaskaDenali,Alaska,Denali,2020-10-17 04:46:28.762886,2020-09-27 00:00:00.000000,3.34063512,3.96476237,5.48370824,70,83,114,25,37,55,1.21936833,1.78826367,2.63864717,0.01506444,0.05178562,0.11800086
2068,0,USAlaskaDenali,Alaska,Denali,2020-10-17 04:46:28.762886,2020-09-28 00:00:00.000000,3.26896461,3.88091647,5.30952241,68,81,111,29,41,59,1.41947296,1.98173386,2.85006298,0.01467411,0.05088957,0.11793074
2068,0,USAlaskaDenali,Alaska,Denali,2020-10-17 04:46:28.762886,2020-09-29 00:00:00.000000,3.15685737,3.77931850,5.12100068,66,79,107,32,43,61,1.54387727,2.07944223,2.95100564,0.01415922,0.05056002,0.11774382
2068,0,USAlaskaDenali,Alaska,Denali,2020-10-17 04:46:28.762886,2020-09-30 00:00:00.000000,3.01370209,3.65503781,4.91529474,63,76,103,33,44,62,1.61260550,2.11870879,2.98092393,0.01308097,0.05050466,0.11783997
2068,0,USAlaskaDenali,Alaska,Denali,2020-10-17 04:46:28.762886,2020-10-01 00:00:00.000000,2.84939659,3.53191730,4.70594915,59,74,98,33,44,62,1.57759383,2.12199331,3.00171952,0.01144698,0.04958887,0.11946896
2068,0,USAlaskaDenali,Alaska,Denali,2020-10-17 04:46:28.762886,2020-10-02 00:00:00.000000,2.63350091,3.41888963,4.60979943,55,71,96,32,43,63,1.52783810,2.09411127,3.01535141,0.01029100,0.04988457,0.11996986
2068,0,USAlaskaDenali,Alaska,Denali,2020-10-17 04:46:28.762886,2020-10-03 00:00:00.000000,2.43370168,3.27803669,4.52658400,51,68,94,30,42,63,1.44611391,2.03650449,3.00999739,0.01004653,0.05169646,0.12012552
2068,0,USAlaskaDenali,Alaska,Denali,2020-10-17 04:46:28.762886,2020-10-04 00:00:00.000000,2.23860826,3.15296504,4.43519567,46,66,93,28,41,61,1.34923810,1.97397765,2.92477584,0.00970990,0.05521909,0.12069968
2068,0,USAlaskaDenali,Alaska,Denali,2020-10-17 04:46:28.762886,2020-10-05 00:00:00.000000,2.02060342,2.96623040,4.18766232,42,62,87,26,40,59,1.25180415,1.92095687,2.82579317,0.00966983,0.05617399,0.12159955
2068,0,USAlaskaDenali,Alaska,Denali,2020-10-17 04:46:28.762886,2020-10-06 00:00:00.000000,1.82228312,2.78481594,3.94752088,38,58,82,24,38,57,1.16852047,1.84770372,2.73365859,0.00965852,0.05608098,0.12189843
2068,0,USAlaskaDenali,Alaska,Denali,2020-10-17 04:46:28.762886,2020-10-07 00:00:00.000000,1.63988574,2.62635758,3.70589973,34,55,77,22,36,55,1.06477352,1.76438579,2.66978321,0.00965508,0.05594627,0.12187499
2068,0,USAlaskaDenali,Alaska,Denali,2020-10-17 04:46:28.762886,2020-10-08 00:00:00.000000,1.47309480,2.46066012,3.46999688,30,51,72,20,34,54,0.96556972,1.66563865,2.59653056,0.00965201,0.05584535,0.12184854
2068,0,USAlaskaDenali,Alaska,Denali,2020-10-17 04:46:28.762886,2020-10-09 00:00:00.000000,1.32136033,2.29041911,3.30992456,27,48,69,18,32,51,0.87254450,1.56974493,2.45958354,0.00965005,0.05541120,0.12161228
2068,0,USAlaskaDenali,Alaska,Denali,2020-10-17 04:46:28.762886,2020-10-10 00:00:00.000000,1.18391719,2.09615459,3.18231317,24,43,66,16,30,48,0.78640311,1.46746159,2.31163160,0.00968824,0.05689062,0.12124703
2068,0,USAlaskaDenali,Alaska,Denali,2020-10-17 04:46:28.762886,2020-10-11 00:00:00.000000,1.05625212,1.92621426,2.97278061,22,40,62,14,28,45,0.70733033,1.37025253,2.16492224,0.00984062,0.05601610,0.13786634
2068,0,USAlaskaDenali,Alaska,Denali,2020-10-17 04:46:28.762886,2020-10-12 00:00:00.000000,0.92792156,1.78944966,2.76914483,19,37,58,13,26,42,0.63520693,1.27654587,2.02178939,0.00992126,0.05425916,0.14944061
2068,0,USAlaskaDenali,Alaska,Denali,2020-10-17 04:46:28.762886,2020-10-13 00:00:00.000000,0.81396203,1.65893296,2.66432677,17,34,55,11,24,39,0.56973520,1.18515216,1.88420316,0.00993104,0.05353678,0.15297046
2068,0,USAlaskaDenali,Alaska,Denali,2020-10-17 04:46:28.762886,2020-10-14 00:00:00.000000,0.71316696,1.52588470,2.56603717,14,31,53,10,23,36,0.51051718,1.09857705,1.75339621,0.00993188,0.05316925,0.15685918
2068,0,USAlaskaDenali,Alaska,Denali,2020-10-17 04:46:28.762886,2020-10-15 00:00:00.000000,0.62430441,1.41537961,2.47127254,13,29,51,9,21,35,0.45710505,1.01547041,1.67203852,0.00993195,0.05301095,0.15704179
2068,0,USAlaskaDenali,Alaska,Denali,2020-10-17 04:46:28.762886,2020-10-16 00:00:00.000000,0.54615202,1.31084851,2.38943855,11,27,50,8,19,34,0.40903391,0.93899792,1.62407324,0.00993196,0.05294716,0.15711093
2068,0,USAlaskaDenali,Alaska,Denali,2020-10-17 04:46:28.762886,2020-10-17 00:00:00.000000,0.47754279,1.20867248,2.32024593,10,25,48,7,18,33,0.36375968,0.86634480,1.57740534,0.00993196,0.05292135,0.15713991
2068,0,USAlaskaDenali,Alaska,Denali,2020-10-17 04:46:28.762886,2020-10-18 00:00:00.000000,0.41739259,1.11409878,2.25276007,8,23,47,6,16,32,0.31837480,0.79984894,1.53192331,0.00993196,0.05291065,0.15715204
2068,0,USAlaskaDenali,Alaska,Denali,2020-10-17 04:46:28.762886,2020-10-19 00:00:00.000000,0.36471209,1.02864587,2.18694453,7,21,45,5,15,31,0.27849368,0.74021983,1.48756542,0.00993196,0.05290606,0.15715705
2068,0,USAlaskaDenali,Alaska,Denali,2020-10-17 04:46:28.762886,2020-10-20 00:00:00.000000,0.31860924,0.94870195,2.11538658,6,19,44,5,14,30,0.24350147,0.68180250,1.44429557,0.00993196,0.05290403,0.15715910
2068,0,USAlaskaDenali,Alaska,Denali,2020-10-17 04:46:28.762886,2020-10-21 00:00:00.000000,0.27828646,0.87480313,2.02976509,5,18,42,4,13,29,0.21283405,0.62560935,1.40209026,0.00993196,0.05290310,0.15715994
2068,0,USAlaskaDenali,Alaska,Denali,2020-10-17 04:46:28.762886,2020-10-22 00:00:00.000000,0.24303489,0.80653046,1.94756842,5,16,40,3,12,28,0.18598048,0.57365785,1.36093175,0.00993196,0.05290266,0.15716029
2068,0,USAlaskaDenali,Alaska,Denali,2020-10-17 04:46:28.762886,2020-10-23 00:00:00.000000,0.21222732,0.74348482,1.86866882,4,15,39,3,11,27,0.16248226,0.52571464,1.32080457,0.00993196,0.05290245,0.15716043
2068,0,USAlaskaDenali,Alaska,Denali,2020-10-17 04:46:28.762886,2020-10-24 00:00:00.000000,0.18531062,0.68528847,1.79293874,3,14,37,2,10,26,0.14193074,0.48239480,1.28169390,0.00993196,0.05290235,0.15716048
2068,0,USAlaskaDenali,Alaska,Denali,2020-10-17 04:46:28.762886,2020-10-25 00:00:00.000000,0.16179814,0.62957662,1.72025310,3,13,36,2,9,26,0.12396354,0.44404536,1.24358481,0.00993196,0.05290230,0.15716051
2068,0,USAlaskaDenali,Alaska,Denali,2020-10-17 04:46:28.762886,2020-10-26 00:00:00.000000,0.14126253,0.57681903,1.65049058,2,12,34,2,8,25,0.10826053,0.41023295,1.20646196,0.00993196,0.05290227,0.15716052
2068,0,USAlaskaDenali,Alaska,Denali,2020-10-17 04:46:28.762886,2020-10-27 00:00:00.000000,0.12332905,0.52841312,1.58353417,2,11,33,1,7,24,0.09453964,0.38035378,1.17030950,0.00993196,0.05290226,0.15716052
2068,0,USAlaskaDenali,Alaska,Denali,2020-10-17 04:46:28.762886,2020-10-28 00:00:00.000000,0.10766942,0.48401358,1.51927145,2,10,31,1,7,23,0.08255289,0.35263438,1.13511114,0.00993196,0.05290225,0.15716052
2068,0,USAlaskaDenali,Alaska,Denali,2020-10-17 04:46:28.762886,2020-10-29 00:00:00.000000,0.09399630,0.44473720,1.45759457,1,9,30,1,6,23,0.07208262,0.32692149,1.10085015,0.00993196,0.05290225,0.15716052
2068,0,USAlaskaDenali,Alaska,Denali,2020-10-22 14:42:23.664282,2020-03-09 00:00:00.000000,0.00142153,0.03033533,0.24660983,0,0,5,0,0,2,0.00083666,0.01713987,0.12391638,0.34971350,0.54689200,0.74899326
2068,0,USAlaskaDenali,Alaska,Denali,2020-10-22 14:42:23.664282,2020-03-10 00:00:00.000000,0.00159620,0.03421362,0.27002511,0,0,5,0,0,2,0.00083806,0.01671658,0.12582299,0.34971350,0.54682768,0.74899326
2068,0,USAlaskaDenali,Alaska,Denali,2020-10-22 14:42:23.664282,2020-03-11 00:00:00.000000,0.00177386,0.03809513,0.29407451,0,0,6,0,0,2,0.00088336,0.01743940,0.13257080,0.34971350,0.54579354,0.74899325
2068,0,USAlaskaDenali,Alaska,Denali,2020-10-22 14:42:23.664282,2020-03-12 00:00:00.000000,0.00195986,0.04210814,0.31912536,0,0,6,0,0,2,0.00095584,0.01863543,0.14234869,0.34971346,0.54414441,0.74899322
2068,0,USAlaskaDenali,Alaska,Denali,2020-10-22 14:42:23.664282,2020-03-13 00:00:00.000000,0.00215745,0.04634131,0.34563789,0,0,7,0,0,3,0.00104662,0.02004955,0.15393931,0.34971321,0.54041819,0.74899311
2068,0,USAlaskaDenali,Alaska,Denali,2020-10-22 14:42:23.664282,2020-03-14 00:00:00.000000,0.00236847,0.05086051,0.37404186,0,1,7,0,0,3,0.00115113,0.02200969,0.16691035,0.34971137,0.53891249,0.74899266
2068,0,USAlaskaDenali,Alaska,Denali,2020-10-22 14:42:23.664282,2020-03-15 00:00:00.000000,0.00259365,0.05571811,0.40459558,0,1,8,0,0,3,0.00126707,0.02394616,0.18119807,0.34969784,0.53663747,0.74882282
2068,0,USAlaskaDenali,Alaska,Denali,2020-10-22 14:42:23.664282,2020-03-16 00:00:00.000000,0.00283259,0.06065029,0.43753291,0,1,9,0,0,3,0.00139326,0.02632144,0.18862157,0.34959872,0.53524477,0.74291753
2068,0,USAlaskaDenali,Alaska,Denali,2020-10-22 14:42:23.664282,2020-03-17 00:00:00.000000,0.00308370,0.06534780,0.46577384,0,1,9,0,0,4,0.00152893,0.02901434,0.19422067,0.34887744,0.53280442,0.73672838
2068,0,USAlaskaDenali,Alaska,Denali,2020-10-22 14:42:23.664282,2020-03-18 00:00:00.000000,0.00334410,0.07032526,0.47939674,0,1,10,0,0,4,0.00167325,0.03190217,0.20020918,0.34387700,0.52211797,0.73591989
2068,0,USAlaskaDenali,Alaska,Denali,2020-10-22 14:42:23.664282,2020-03-19 00:00:00.000000,0.00360988,0.07642186,0.49212590,0,1,10,0,0,4,0.00182510,0.03513605,0.20638534,0.31762643,0.49814032,0.73410516
2068,0,USAlaskaDenali,Alaska,Denali,2020-10-22 14:42:23.664282,2020-03-20 00:00:00.000000,0.00387660,0.08246248,0.50278003,0,1,10,0,0,4,0.00198284,0.03868172,0.21254755,0.28429311,0.47888213,0.73041706
2068,0,USAlaskaDenali,Alaska,Denali,2020-10-22 14:42:23.664282,2020-03-21 00:00:00.000000,0.00414019,0.08930013,0.51174840,0,1,10,0,0,4,0.00214447,0.04237512,0.21849480,0.24971913,0.46382617,0.72420179
2068,0,USAlaskaDenali,Alaska,Denali,2020-10-22 14:42:23.664282,2020-03-22 00:00:00.000000,0.00439780,0.09535901,0.51962502,0,1,10,0,0,4,0.00230817,0.04643774,0.23299117,0.23675129,0.43739124,0.71640989
2068,0,USAlaskaDenali,Alaska,Denali,2020-10-22 14:42:23.664282,2020-03-23 00:00:00.000000,0.00464845,0.10096913,0.52680972,0,2,11,0,1,5,0.00247273,0.04882637,0.24737015,0.22634408,0.41756383,0.67076138
2068,0,USAlaskaDenali,Alaska,Denali,2020-10-22 14:42:23.664282,2020-03-24 00:00:00.000000,0.00489459,0.10596477,0.53346989,0,2,11,0,1,5,0.00263583,0.05125277,0.26138972,0.21856503,0.40706654,0.62351313
2068,0,USAlaskaDenali,Alaska,Denali,2020-10-22 14:42:23.664282,2020-03-25 00:00:00.000000,0.00514017,0.11048269,0.54283836,0,2,11,0,1,5,0.00279674,0.05434338,0.27520421,0.20964868,0.40135103,0.59827822
2068,0,USAlaskaDenali,Alaska,Denali,2020-10-22 14:42:23.664282,2020-03-26 00:00:00.000000,0.00538469,0.11550078,0.56611300,0,2,11,0,1,6,0.00295539,0.05741836,0.28898166,0.21108077,0.39405862,0.56539188
2068,0,USAlaskaDenali,Alaska,Denali,2020-10-22 14:42:23.664282,2020-03-27 00:00:00.000000,0.00563212,0.12106657,0.59029220,0,2,12,0,1,6,0.00311238,0.06044918,0.30286944,0.19118236,0.38081103,0.53587639
2068,0,USAlaskaDenali,Alaska,Denali,2020-10-22 14:42:23.664282,2020-03-28 00:00:00.000000,0.00588721,0.12604685,0.60756279,0,2,12,0,1,6,0.00326899,0.06338461,0.31698460,0.19032785,0.36607351,0.52753529
2068,0,USAlaskaDenali,Alaska,Denali,2020-10-22 14:42:23.664282,2020-03-29 00:00:00.000000,0.00615562,0.13054782,0.60748242,0,2,12,0,1,6,0.00342710,0.06615697,0.32931560,0.18990874,0.35264142,0.55046967
2068,0,USAlaskaDenali,Alaska,Denali,2020-10-22 14:42:23.664282,2020-03-30 00:00:00.000000,0.00644213,0.13436736,0.60427134,0,2,12,0,1,6,0.00358921,0.06871645,0.33058245,0.18980181,0.34077337,0.57058211
2068,0,USAlaskaDenali,Alaska,Denali,2020-10-22 14:42:23.664282,2020-03-31 00:00:00.000000,0.00674774,0.13772225,0.59905319,0,2,12,0,1,6,0.00375807,0.07105987,0.33057385,0.19009745,0.33352286,0.56405191
2068,0,USAlaskaDenali,Alaska,Denali,2020-10-22 14:42:23.664282,2020-04-01 00:00:00.000000,0.00706964,0.14098999,0.59286288,0,2,12,0,1,6,0.00393566,0.07322260,0.32935447,0.18516192,0.32030100,0.51617244
2068,0,USAlaskaDenali,Alaska,Denali,2020-10-22 14:42:23.664282,2020-04-02 00:00:00.000000,0.00740204,0.14419141,0.58621026,0,3,12,0,1,6,0.00412256,0.07525429,0.32721776,0.17200727,0.31322942,0.50569005
2068,0,USAlaskaDenali,Alaska,Denali,2020-10-22 14:42:23.664282,2020-04-03 00:00:00.000000,0.00773353,0.14536646,0.57935821,0,3,12,0,1,6,0.00431778,0.07720143,0.32445716,0.17101871,0.30528332,0.50241729
2068,0,USAlaskaDenali,Alaska,Denali,2020-10-22 14:42:23.664282,2020-04-04 00:00:00.000000,0.00804258,0.14682267,0.57243421,0,3,12,0,1,6,0.00451802,0.07788467,0.32129861,0.18256672,0.29619967,0.50499414
2068,0,USAlaskaDenali,Alaska,Denali,2020-10-22 14:42:23.664282,2020-04-05 00:00:00.000000,0.00830219,0.14609228,0.59525404,0,3,12,0,1,6,0.00471624,0.07900336,0.31789840,0.17552130,0.28773205,0.50734114
2068,0,USAlaskaDenali,Alaska,Denali,2020-10-22 14:42:23.664282,2020-04-06 00:00:00.000000,0.00850218,0.14662653,0.61754788,0,3,12,0,1,6,0.00490173,0.07952854,0.31435725,0.16899675,0.28249933,0.51197558
2068,0,USAlaskaDenali,Alaska,Denali,2020-10-22 14:42:23.664282,2020-04-07 00:00:00.000000,0.00865750,0.14765273,0.63246684,0,3,13,0,1,6,0.00506528,0.07997346,0.31820914,0.16617836,0.28168274,0.51349459
2068,0,USAlaskaDenali,Alaska,Denali,2020-10-22 14:42:23.664282,2020-04-08 00:00:00.000000,0.00878815,0.14687084,0.64200522,0,3,13,0,1,6,0.00520452,0.08022864,0.33024346,0.16464732,0.28011261,0.51378452
2068,0,USAlaskaDenali,Alaska,Denali,2020-10-22 14:42:23.664282,2020-04-09 00:00:00.000000,0.00890589,0.14573957,0.64860106,0,3,13,0,1,7,0.00532264,0.07956259,0.33988246,0.16300570,0.27293792,0.51006778
2068,0,USAlaskaDenali,Alaska,Denali,2020-10-22 14:42:23.664282,2020-04-10 00:00:00.000000,0.00933257,0.14559170,0.65404367,0,3,13,0,1,7,0.00542446,0.07882486,0.34728309,0.14637249,0.26637168,0.49030726
2068,0,USAlaskaDenali,Alaska,Denali,2020-10-22 14:42:23.664282,2020-04-11 00:00:00.000000,0.00984418,0.14597579,0.65857366,0,3,13,0,1,7,0.00551368,0.07828123,0.35301903,0.14516622,0.26378202,0.43087573
2068,0,USAlaskaDenali,Alaska,Denali,2020-10-22 14:42:23.664282,2020-04-12 00:00:00.000000,0.01037203,0.14648404,0.66078618,0,3,13,0,1,7,0.00559169,0.07763413,0.35759145,0.14419392,0.25372274,0.38660394
2068,0,USAlaskaDenali,Alaska,Denali,2020-10-22 14:42:23.664282,2020-04-13 00:00:00.000000,0.01091382,0.14400030,0.65595646,0,3,13,0,1,7,0.00565888,0.07725592,0.36096674,0.14405731,0.24598229,0.40454152
2068,0,USAlaskaDenali,Alaska,Denali,2020-10-22 14:42:23.664282,2020-04-14 00:00:00.000000,0.01147466,0.14089559,0.64341203,0,2,13,0,1,7,0.00571685,0.07813846,0.36219581,0.14403464,0.24330538,0.42564690
2068,0,USAlaskaDenali,Alaska,Denali,2020-10-22 14:42:23.664282,2020-04-15 00:00:00.000000,0.01206118,0.13989770,0.62868678,0,2,13,0,1,7,0.00580900,0.07893000,0.36050824,0.14359952,0.23638516,0.43957779
2068,0,USAlaskaDenali,Alaska,Denali,2020-10-22 14:42:23.664282,2020-04-16 00:00:00.000000,0.01267813,0.14122777,0.61571674,0,2,12,0,1,7,0.00611456,0.07903670,0.35648194,0.13889304,0.23142756,0.44757164
2068,0,USAlaskaDenali,Alaska,Denali,2020-10-22 14:42:23.664282,2020-04-17 00:00:00.000000,0.01332972,0.13993817,0.63145054,0,2,13,0,1,7,0.00643328,0.08030265,0.35083778,0.13812961,0.22434787,0.45356504
2068,0,USAlaskaDenali,Alaska,Denali,2020-10-22 14:42:23.664282,2020-04-18 00:00:00.000000,0.01402103,0.14170924,0.62856976,0,2,13,0,1,7,0.00676700,0.07926394,0.35051922,0.13341196,0.21625132,0.46046525
2068,0,USAlaskaDenali,Alaska,Denali,2020-10-22 14:42:23.664282,2020-04-19 00:00:00.000000,0.01475706,0.14116489,0.60922945,0,2,12,0,1,7,0.00711784,0.07806723,0.36008382,0.13126707,0.21477553,0.46831259
2068,0,USAlaskaDenali,Alaska,Denali,2020-10-22 14:42:23.664282,2020-04-20 00:00:00.000000,0.01554035,0.13957202,0.59034201,0,2,12,0,1,7,0.00748803,0.07682118,0.36832571,0.12982571,0.21250893,0.46514446
2068,0,USAlaskaDenali,Alaska,Denali,2020-10-22 14:42:23.664282,2020-04-21 00:00:00.000000,0.01636073,0.14310067,0.57196934,0,3,11,0,1,7,0.00787969,0.07529732,0.35765458,0.12798144,0.20271230,0.46266644
2068,0,USAlaskaDenali,Alaska,Denali,2020-10-22 14:42:23.664282,2020-04-22 00:00:00.000000,0.01718053,0.14254023,0.55414450,0,2,11,0,1,7,0.00829276,0.07427389,0.34706339,0.12504392,0.19903703,0.45886738
2068,0,USAlaskaDenali,Alaska,Denali,2020-10-22 14:42:23.664282,2020-04-23 00:00:00.000000,0.01791271,0.14197534,0.56068575,0,2,11,0,1,7,0.00872128,0.07342895,0.33663069,0.12103953,0.19517329,0.45314399
2068,0,USAlaskaDenali,Alaska,Denali,2020-10-22 14:42:23.664282,2020-04-24 00:00:00.000000,0.01847032,0.14047742,0.57415642,0,2,12,0,1,6,0.00914732,0.07262363,0.32641343,0.11689565,0.19115347,0.42554415
2068,0,USAlaskaDenali,Alaska,Denali,2020-10-22 14:42:23.664282,2020-04-25 00:00:00.000000,0.01887422,0.13939335,0.58792421,0,2,12,0,1,6,0.00954330,0.07231250,0.32563051,0.11351165,0.19062849,0.36515968
2068,0,USAlaskaDenali,Alaska,Denali,2020-10-22 14:42:23.664282,2020-04-26 00:00:00.000000,0.01919902,0.13861784,0.60192412,0,2,12,0,1,7,0.00989281,0.07246151,0.33382956,0.11121709,0.18893798,0.34680935
2068,0,USAlaskaDenali,Alaska,Denali,2020-10-22 14:42:23.664282,2020-04-27 00:00:00.000000,0.01948174,0.13776259,0.61568040,0,2,12,0,1,7,0.01019605,0.07267990,0.34181718,0.10822950,0.18694417,0.35142028
2068,0,USAlaskaDenali,Alaska,Denali,2020-10-22 14:42:23.664282,2020-04-28 00:00:00.000000,0.01972876,0.13686193,0.61855447,0,2,12,0,1,7,0.01045915,0.07258149,0.34983745,0.10331021,0.18438235,0.35410666
2068,0,USAlaskaDenali,Alaska,Denali,2020-10-22 14:42:23.664282,2020-04-29 00:00:00.000000,0.01993632,0.13598137,0.60112557,0,2,12,0,1,7,0.01068758,0.07326018,0.35724276,0.09817468,0.18597105,0.35514445
2068,0,USAlaskaDenali,Alaska,Denali,2020-10-22 14:42:23.664282,2020-04-30 00:00:00.000000,0.02010098,0.13440323,0.58353321,0,2,12,0,1,7,0.01088469,0.07361141,0.36253264,0.09338845,0.18243251,0.35521377
2068,0,USAlaskaDenali,Alaska,Denali,2020-10-22 14:42:23.664282,2020-05-01 00:00:00.000000,0.02022399,0.13302757,0.56598755,0,2,11,0,1,7,0.01105230,0.07401096,0.36525360,0.09295885,0.17823436,0.35486319
2068,0,USAlaskaDenali,Alaska,Denali,2020-10-22 14:42:23.664282,2020-05-02 00:00:00.000000,0.01997836,0.13101973,0.54868714,0,2,11,0,1,7,0.01090491,0.07447388,0.36508751,0.09258129,0.17785222,0.35423911
2068,0,USAlaskaDenali,Alaska,Denali,2020-10-22 14:42:23.664282,2020-05-03 00:00:00.000000,0.01945799,0.12956401,0.53175690,0,2,11,0,1,7,0.01065899,0.07501387,0.35478639,0.09072829,0.17717581,0.35350437
2068,0,USAlaskaDenali,Alaska,Denali,2020-10-22 14:42:23.664282,2020-05-04 00:00:00.000000,0.01898733,0.12689419,0.51527367,0,2,10,0,1,7,0.01040129,0.07562985,0.34452849,0.08815054,0.17374284,0.35305138
2068,0,USAlaskaDenali,Alaska,Denali,2020-10-22 14:42:23.664282,2020-05-05 00:00:00.000000,0.01859761,0.12250089,0.49926381,0,2,10,0,1,7,0.01014650,0.07415871,0.33438171,0.08739229,0.16697148,0.35286298
2068,0,USAlaskaDenali,Alaska,Denali,2020-10-22 14:42:23.664282,2020-05-06 00:00:00.000000,0.01829248,0.11992746,0.48370747,0,2,10,0,1,6,0.00991027,0.07100516,0.32439761,0.08601891,0.16853555,0.35272014
2068,0,USAlaskaDenali,Alaska,Denali,2020-10-22 14:42:23.664282,2020-05-07 00:00:00.000000,0.01805242,0.11459540,0.46858607,0,2,9,0,1,6,0.00970299,0.06867423,0.31460647,0.08351678,0.16639967,0.34516558
2068,0,USAlaskaDenali,Alaska,Denali,2020-10-22 14:42:23.664282,2020-05-08 00:00:00.000000,0.01785332,0.11113127,0.45387485,0,2,9,0,1,6,0.00953136,0.06672931,0.30502515,0.08168815,0.16613693,0.32206641
2068,0,USAlaskaDenali,Alaska,Denali,2020-10-22 14:42:23.664282,2020-05-09 00:00:00.000000,0.01767772,0.10764241,0.43957557,0,2,9,0,1,6,0.00938766,0.06422636,0.29566016,0.08136498,0.16247266,0.33549674
2068,0,USAlaskaDenali,Alaska,Denali,2020-10-22 14:42:23.664282,2020-05-10 00:00:00.000000,0.01751490,0.10323557,0.42575839,0,2,8,0,1,6,0.00926520,0.06242777,0.28651670,0.08143730,0.15863335,0.33949580
2068,0,USAlaskaDenali,Alaska,Denali,2020-10-22 14:42:23.664282,2020-05-11 00:00:00.000000,0.01735806,0.10035394,0.41256526,0,2,8,0,1,5,0.00915810,0.06083219,0.27761306,0.08173115,0.15665594,0.31123391
2068,0,USAlaskaDenali,Alaska,Denali,2020-10-22 14:42:23.664282,2020-05-12 00:00:00.000000,0.01720335,0.09983942,0.40014870,0,2,8,0,1,5,0.00906150,0.05928356,0.26898895,0.08055394,0.15625149,0.28598177
2068,0,USAlaskaDenali,Alaska,Denali,2020-10-22 14:42:23.664282,2020-05-13 00:00:00.000000,0.01682386,0.09845334,0.38897075,0,2,8,0,1,5,0.00897177,0.05642136,0.26069946,0.07730232,0.15337000,0.27836052
2068,0,USAlaskaDenali,Alaska,Denali,2020-10-22 14:42:23.664282,2020-05-14 00:00:00.000000,0.01608936,0.09685308,0.38786076,0,2,8,0,1,5,0.00888685,0.05464515,0.25277819,0.07817882,0.15099625,0.26667473
2068,0,USAlaskaDenali,Alaska,Denali,2020-10-22 14:42:23.664282,2020-05-15 00:00:00.000000,0.01535909,0.09522431,0.38736058,0,1,8,0,1,5,0.00880707,0.05438228,0.24520687,0.07914006,0.14821734,0.27375080
2068,0,USAlaskaDenali,Alaska,Denali,2020-10-22 14:42:23.664282,2020-05-16 00:00:00.000000,0.01463999,0.09353917,0.38769027,0,1,8,0,1,4,0.00873742,0.05407782,0.23793492,0.07975342,0.14555833,0.29218063
2068,0,USAlaskaDenali,Alaska,Denali,2020-10-22 14:42:23.664282,2020-05-17 00:00:00.000000,0.01393868,0.09121767,0.38864178,0,1,8,0,1,4,0.00844674,0.05326202,0.23089781,0.07746625,0.14527579,0.30705822
2068,0,USAlaskaDenali,Alaska,Denali,2020-10-22 14:42:23.664282,2020-05-18 00:00:00.000000,0.01325989,0.08695705,0.38991088,0,1,8,0,1,4,0.00806804,0.05183284,0.22401957,0.07470645,0.14195335,0.31093957
2068,0,USAlaskaDenali,Alaska,Denali,2020-10-22 14:42:23.664282,2020-05-19 00:00:00.000000,0.01260614,0.08215407,0.39131426,0,1,8,0,1,4,0.00769627,0.05056299,0.21722905,0.07579878,0.14274288,0.34081485
2068,0,USAlaskaDenali,Alaska,Denali,2020-10-22 14:42:23.664282,2020-05-20 00:00:00.000000,0.01197778,0.07808545,0.39276610,0,1,8,0,1,4,0.00733362,0.04910079,0.21048687,0.07167693,0.14111421,0.31921569
2068,0,USAlaskaDenali,Alaska,Denali,2020-10-22 14:42:23.664282,2020-05-21 00:00:00.000000,0.01137310,0.07679650,0.39422513,0,1,8,0,0,4,0.00698161,0.04692197,0.20429868,0.06738516,0.14079155,0.31212252
2068,0,USAlaskaDenali,Alaska,Denali,2020-10-22 14:42:23.664282,2020-05-22 00:00:00.000000,0.01078936,0.07626303,0.39566659,0,1,8,0,0,4,0.00664090,0.04489317,0.20227451,0.06603420,0.13573381,0.31159610
2068,0,USAlaskaDenali,Alaska,Denali,2020-10-22 14:42:23.664282,2020-05-23 00:00:00.000000,0.01022613,0.07568791,0.38922568,0,1,8,0,0,4,0.00631144,0.04327520,0.19916567,0.06513805,0.13460919,0.31083876
2068,0,USAlaskaDenali,Alaska,Denali,2020-10-22 14:42:23.664282,2020-05-24 00:00:00.000000,0.00968579,0.07342235,0.37681882,0,1,7,0,0,4,0.00599309,0.04172182,0.19531859,0.06456198,0.12936457,0.30983103
2068,0,USAlaskaDenali,Alaska,Denali,2020-10-22 14:42:23.664282,2020-05-25 00:00:00.000000,0.00917038,0.07076019,0.36462859,0,1,7,0,0,4,0.00559805,0.04023457,0.19099196,0.06189457,0.12879455,0.30853616
2068,0,USAlaskaDenali,Alaska,Denali,2020-10-22 14:42:23.664282,2020-05-26 00:00:00.000000,0.00868064,0.06933517,0.35225355,0,1,7,0,0,3,0.00518023,0.03914602,0.18636774,0.06091246,0.12946929,0.30690738
2068,0,USAlaskaDenali,Alaska,Denali,2020-10-22 14:42:23.664282,2020-05-27 00:00:00.000000,0.00812450,0.06567162,0.33935287,0,1,7,0,0,3,0.00479258,0.03800880,0.18157482,0.06078090,0.12581967,0.30278813
2068,0,USAlaskaDenali,Alaska,Denali,2020-10-22 14:42:23.664282,2020-05-28 00:00:00.000000,0.00763655,0.06295906,0.32577264,0,1,6,0,0,3,0.00443308,0.03738953,0.17670854,0.06051983,0.12483760,0.29906435
2068,0,USAlaskaDenali,Alaska,Denali,2020-10-22 14:42:23.664282,2020-05-29 00:00:00.000000,0.00730730,0.06171091,0.31160542,0,1,6,0,0,3,0.00410117,0.03755535,0.17184696,0.06029798,0.12453747,0.29064200
2068,0,USAlaskaDenali,Alaska,Denali,2020-10-22 14:42:23.664282,2020-05-30 00:00:00.000000,0.00696308,0.06028244,0.29710523,0,1,6,0,0,3,0.00379390,0.03671963,0.17129839,0.06208079,0.12615059,0.28733912
2068,0,USAlaskaDenali,Alaska,Denali,2020-10-22 14:42:23.664282,2020-05-31 00:00:00.000000,0.00659495,0.05884736,0.28260783,0,1,5,0,0,3,0.00350837,0.03485521,0.17056680,0.06214280,0.12548297,0.28549655
2068,0,USAlaskaDenali,Alaska,Denali,2020-10-22 14:42:23.664282,2020-06-01 00:00:00.000000,0.00624955,0.05742922,0.26838030,0,1,5,0,0,3,0.00324207,0.03319421,0.16900476,0.06108489,0.12673514,0.28388751
2068,0,USAlaskaDenali,Alaska,Denali,2020-10-22 14:42:23.664282,2020-06-02 00:00:00.000000,0.00592440,0.05567583,0.25457191,0,1,5,0,0,3,0.00306949,0.03264962,0.16677046,0.05963462,0.12527397,0.28344451
2068,0,USAlaskaDenali,Alaska,Denali,2020-10-22 14:42:23.664282,2020-06-03 00:00:00.000000,0.00561783,0.05348006,0.24125430,0,1,5,0,0,3,0.00301666,0.03132564,0.15921267,0.05877805,0.12294611,0.28560485
2068,0,USAlaskaDenali,Alaska,Denali,2020-10-22 14:42:23.664282,2020-06-04 00:00:00.000000,0.00533530,0.05137142,0.22845183,0,1,4,0,0,3,0.00296745,0.03004178,0.15120047,0.05858055,0.12273590,0.29206113
2068,0,USAlaskaDenali,Alaska,Denali,2020-10-22 14:42:23.664282,2020-06-05 00:00:00.000000,0.00506748,0.04933346,0.22527994,0,1,4,0,0,3,0.00292386,0.02880629,0.14341749,0.05762772,0.12401631,0.30093888
2068,0,USAlaskaDenali,Alaska,Denali,2020-10-22 14:42:23.664282,2020-06-06 00:00:00.000000,0.00481363,0.04743352,0.22258618,0,0,4,0,0,2,0.00288935,0.02761245,0.13754044,0.05473717,0.12453276,0.29746853
2068,0,USAlaskaDenali,Alaska,Denali,2020-10-22 14:42:23.664282,2020-06-07 00:00:00.000000,0.00457296,0.04596720,0.21982854,0,0,4,0,0,2,0.00283118,0.02634870,0.13475292,0.05416034,0.12256850,0.29133297
2068,0,USAlaskaDenali,Alaska,Denali,2020-10-22 14:42:23.664282,2020-06-08 00:00:00.000000,0.00437224,0.04458148,0.21707910,0,0,4,0,0,2,0.00268582,0.02490310,0.13337417,0.05204939,0.12079915,0.28088304
2068,0,USAlaskaDenali,Alaska,Denali,2020-10-22 14:42:23.664282,2020-06-09 00:00:00.000000,0.00411749,0.04270664,0.22148762,0,0,4,0,0,2,0.00254791,0.02369161,0.13191587,0.05027210,0.11391138,0.26559712
2068,0,USAlaskaDenali,Alaska,Denali,2020-10-22 14:42:23.664282,2020-06-10 00:00:00.000000,0.00390470,0.04085379,0.22933900,0,0,4,0,0,2,0.00241696,0.02274683,0.13042039,0.04831956,0.11265275,0.24983317
2068,0,USAlaskaDenali,Alaska,Denali,2020-10-22 14:42:23.664282,2020-06-11 00:00:00.000000,0.00370243,0.03933007,0.23741399,0,0,4,0,0,2,0.00229258,0.02209107,0.12893000,0.04704922,0.11255052,0.26040535
2068,0,USAlaskaDenali,Alaska,Denali,2020-10-22 14:42:23.664282,2020-06-12 00:00:00.000000,0.00351018,0.03718668,0.24562205,0,0,5,0,0,2,0.00217440,0.02157705,0.13247601,0.04655408,0.11263971,0.26400934
2068,0,USAlaskaDenali,Alaska,Denali,2020-10-22 14:42:23.664282,2020-06-13 00:00:00.000000,0.00332742,0.03642766,0.25394850,0,0,5,0,0,2,0.00206212,0.02127263,0.13017099,0.04625719,0.11138824,0.26425828
2068,0,USAlaskaDenali,Alaska,Denali,2020-10-22 14:42:23.664282,2020-06-14 00:00:00.000000,0.00315364,0.03535641,0.26243061,0,0,5,0,0,2,0.00195543,0.02064079,0.12697154,0.04618263,0.11130588,0.27525304
2068,0,USAlaskaDenali,Alaska,Denali,2020-10-22 14:42:23.664282,2020-06-15 00:00:00.000000,0.00298834,0.03344672,0.26558855,0,0,5,0,0,2,0.00185402,0.01961882,0.12467824,0.04409850,0.11275512,0.27985676
2068,0,USAlaskaDenali,Alaska,Denali,2020-10-22 14:42:23.664282,2020-06-16 00:00:00.000000,0.00283104,0.03154711,0.25692823,0,0,5,0,0,2,0.00175761,0.01841309,0.12421021,0.04379880,0.11150838,0.27661723
2068,0,USAlaskaDenali,Alaska,Denali,2020-10-22 14:42:23.664282,2020-06-17 00:00:00.000000,0.00268122,0.03015276,0.24800886,0,0,5,0,0,2,0.00166592,0.01761558,0.12398728,0.04351246,0.11119263,0.27097825
2068,0,USAlaskaDenali,Alaska,Denali,2020-10-22 14:42:23.664282,2020-06-18 00:00:00.000000,0.00253800,0.02881985,0.23926877,0,0,5,0,0,2,0.00157868,0.01684112,0.12397905,0.04319267,0.11118766,0.26496920
2068,0,USAlaskaDenali,Alaska,Denali,2020-10-22 14:42:23.664282,2020-06-19 00:00:00.000000,0.00240031,0.02753721,0.23095076,0,0,4,0,0,2,0.00149554,0.01609205,0.12414617,0.04282285,0.11170038,0.26500354
2068,0,USAlaskaDenali,Alaska,Denali,2020-10-22 14:42:23.664282,2020-06-20 00:00:00.000000,0.00226715,0.02678391,0.22276732,0,0,4,0,0,2,0.00141608,0.01550899,0.12445092,0.04240145,0.11191924,0.26503891
2068,0,USAlaskaDenali,Alaska,Denali,2020-10-22 14:42:23.664282,2020-06-21 00:00:00.000000,0.00213785,0.02571008,0.21446038,0,0,4,0,0,2,0.00133986,0.01503214,0.12485931,0.04193890,0.10853738,0.26504193
2068,0,USAlaskaDenali,Alaska,Denali,2020-10-22 14:42:23.664282,2020-06-22 00:00:00.000000,0.00201248,0.02493520,0.20757564,0,0,4,0,0,2,0.00126645,0.01456782,0.12529122,0.04145898,0.10702015,0.26468108
2068,0,USAlaskaDenali,Alaska,Denali,2020-10-22 14:42:23.664282,2020-06-23 00:00:00.000000,0.00189162,0.02440044,0.20542549,0,0,4,0,0,2,0.00119558,0.01411476,0.12540400,0.04100770,0.10633387,0.25677883
2068,0,USAlaskaDenali,Alaska,Denali,2020-10-22 14:42:23.664282,2020-06-24 00:00:00.000000,0.00177600,0.02351942,0.20333004,0,0,4,0,0,2,0.00112719,0.01367668,0.12496049,0.04067943,0.10901073,0.25578505
2068,0,USAlaskaDenali,Alaska,Denali,2020-10-22 14:42:23.664282,2020-06-25 00:00:00.000000,0.00166614,0.02240929,0.20140241,0,0,4,0,0,2,0.00106137,0.01325312,0.12412019,0.04061978,0.10709944,0.25409984
2068,0,USAlaskaDenali,Alaska,Denali,2020-10-22 14:42:23.664282,2020-06-26 00:00:00.000000,0.00156235,0.02133305,0.20630822,0,0,4,0,0,2,0.00099828,0.01261210,0.12316340,0.04080838,0.10326739,0.25400415
2068,0,USAlaskaDenali,Alaska,Denali,2020-10-22 14:42:23.664282,2020-06-27 00:00:00.000000,0.00146461,0.02028331,0.21271552,0,0,4,0,0,2,0.00093807,0.01195506,0.12216722,0.04089325,0.10063587,0.25403234
2068,0,USAlaskaDenali,Alaska,Denali,2020-10-22 14:42:23.664282,2020-06-28 00:00:00.000000,0.00137271,0.01941643,0.21978870,0,0,4,0,0,2,0.00088085,0.01133276,0.12117087,0.04079567,0.09901306,0.25393545
2068,0,USAlaskaDenali,Alaska,Denali,2020-10-22 14:42:23.664282,2020-06-29 00:00:00.000000,0.00128635,0.01872069,0.22725506,0,0,4,0,0,2,0.00082665,0.01074394,0.12018994,0.04067777,0.09865985,0.25360786
2068,0,USAlaskaDenali,Alaska,Denali,2020-10-22 14:42:23.664282,2020-06-30 00:00:00.000000,0.00120523,0.01805405,0.22210782,0,0,4,0,0,2,0.00077544,0.01018669,0.12024818,0.04097365,0.09867736,0.25285506
2068,0,USAlaskaDenali,Alaska,Denali,2020-10-22 14:42:23.664282,2020-07-01 00:00:00.000000,0.00112901,0.01732740,0.21449250,0,0,4,0,0,2,0.00072714,0.00955964,0.12404016,0.04190057,0.09940192,0.25129489
2068,0,USAlaskaDenali,Alaska,Denali,2020-10-22 14:42:23.664282,2020-07-02 00:00:00.000000,0.00105471,0.01634410,0.20707222,0,0,4,0,0,2,0.00068164,0.00891842,0.12805211,0.04218917,0.09843994,0.24828356
2068,0,USAlaskaDenali,Alaska,Denali,2020-10-22 14:42:23.664282,2020-07-03 00:00:00.000000,0.00096591,0.01523633,0.19977498,0,0,4,0,0,2,0.00063880,0.00833072,0.13219771,0.04257667,0.09777585,0.24302259
2068,0,USAlaskaDenali,Alaska,Denali,2020-10-22 14:42:23.664282,2020-07-04 00:00:00.000000,0.00088403,0.01420191,0.19257968,0,0,4,0,0,2,0.00059844,0.00780797,0.13494257,0.04449938,0.09700545,0.23523477
2068,0,USAlaskaDenali,Alaska,Denali,2020-10-22 14:42:23.664282,2020-07-05 00:00:00.000000,0.00080823,0.01323410,0.18553712,0,0,3,0,0,2,0.00056034,0.00734963,0.13026045,0.04364134,0.09492211,0.22622860
2068,0,USAlaskaDenali,Alaska,Denali,2020-10-22 14:42:23.664282,2020-07-06 00:00:00.000000,0.02868335,0.06682730,0.27440114,0,1,5,0,0,2,0.00052427,0.00691594,0.12567941,0.04304416,0.09488713,0.21745655
2068,0,USAlaskaDenali,Alaska,Denali,2020-10-22 14:42:23.664282,2020-07-07 00:00:00.000000,0.05363908,0.12097278,0.37646030,1,2,7,0,0,2,0.00650078,0.01803520,0.12654148,0.04268638,0.09604018,0.21027496
2068,0,USAlaskaDenali,Alaska,Denali,2020-10-22 14:42:23.664282,2020-07-08 00:00:00.000000,0.07411096,0.17702100,0.46237207,1,3,9,0,0,3,0.01395681,0.03444331,0.14366612,0.04253159,0.09650152,0.20664381
2068,0,USAlaskaDenali,Alaska,Denali,2020-10-22 14:42:23.664282,2020-07-09 00:00:00.000000,0.09452556,0.22834064,0.54832548,1,4,11,0,1,3,0.02337111,0.05538213,0.17977298,0.04138764,0.09534602,0.19997459
2068,0,USAlaskaDenali,Alaska,Denali,2020-10-22 14:42:23.664282,2020-07-10 00:00:00.000000,0.11664152,0.27709146,0.68035955,2,5,14,0,1,4,0.03434064,0.07503996,0.23750774,0.04056694,0.09389404,0.19101891
2068,0,USAlaskaDenali,Alaska,Denali,2020-10-22 14:42:23.664282,2020-07-11 00:00:00.000000,0.13768202,0.32642491,0.80842656,2,6,16,0,2,5,0.04579988,0.09913715,0.27110588,0.04028751,0.09494221,0.18719980
2068,0,USAlaskaDenali,Alaska,Denali,2020-10-22 14:42:23.664282,2020-07-12 00:00:00.000000,0.15754388,0.37339560,0.93191555,3,7,19,1,2,7,0.05719684,0.12469688,0.33388023,0.04168270,0.09105730,0.18500904
2068,0,USAlaskaDenali,Alaska,Denali,2020-10-22 14:42:23.664282,2020-07-13 00:00:00.000000,0.24048692,0.42025054,0.95460511,5,8,20,1,3,8,0.06844290,0.14822362,0.40472608,0.04317363,0.09431075,0.18353618
2068,0,USAlaskaDenali,Alaska,Denali,2020-10-22 14:42:23.664282,2020-07-14 00:00:00.000000,0.26560189,0.45383554,0.97214544,5,9,20,1,3,9,0.08208193,0.17495830,0.45619669,0.04137625,0.09389105,0.18256789
2068,0,USAlaskaDenali,Alaska,Denali,2020-10-22 14:42:23.664282,2020-07-15 00:00:00.000000,0.27411921,0.49129567,0.98364966,5,10,20,2,4,10,0.10354869,0.20194714,0.49337356,0.04007525,0.09233459,0.18199813
2068,0,USAlaskaDenali,Alaska,Denali,2020-10-22 14:42:23.664282,2020-07-16 00:00:00.000000,0.29267312,0.54653041,0.99099604,6,11,20,2,4,10,0.12625191,0.22686827,0.52002249,0.04000783,0.09205466,0.17940747
2068,0,USAlaskaDenali,Alaska,Denali,2020-10-22 14:42:23.664282,2020-07-17 00:00:00.000000,0.29736740,0.59264272,1.12261694,6,12,23,2,5,11,0.13320096,0.24299469,0.53896927,0.03937948,0.09388201,0.17897275
2068,0,USAlaskaDenali,Alaska,Denali,2020-10-22 14:42:23.664282,2020-07-18 00:00:00.000000,0.30075183,0.60898956,1.14182346,6,12,23,3,5,11,0.14551178,0.25890332,0.55241992,0.03471405,0.09464391,0.18096159
2068,0,USAlaskaDenali,Alaska,Denali,2020-10-22 14:42:23.664282,2020-07-19 00:00:00.000000,0.30295054,0.63502921,1.13752718,6,13,23,3,5,11,0.14884990,0.28130734,0.56205196,0.03457492,0.09333203,0.18377559
2068,0,USAlaskaDenali,Alaska,Denali,2020-10-22 14:42:23.664282,2020-07-20 00:00:00.000000,0.28478648,0.62452458,1.09042143,5,13,22,3,6,12,0.15133869,0.30490831,0.60344441,0.03459906,0.09096882,0.18516956
2068,0,USAlaskaDenali,Alaska,Denali,2020-10-22 14:42:23.664282,2020-07-21 00:00:00.000000,0.26611072,0.61523072,1.04221573,5,12,21,3,6,13,0.14929541,0.30777778,0.63703720,0.03475434,0.08967734,0.18592128
2068,0,USAlaskaDenali,Alaska,Denali,2020-10-22 14:42:23.664282,2020-07-22 00:00:00.000000,0.24822927,0.60049704,1.00204633,5,12,21,3,6,13,0.14424716,0.31087269,0.64888765,0.03506684,0.08963815,0.18632611
2068,0,USAlaskaDenali,Alaska,Denali,2020-10-22 14:42:23.664282,2020-07-23 00:00:00.000000,0.23152857,0.57180005,0.95996564,4,11,20,2,6,13,0.13730201,0.31809082,0.64617864,0.03570437,0.08971700,0.18676539
2068,0,USAlaskaDenali,Alaska,Denali,2020-10-22 14:42:23.664282,2020-07-24 00:00:00.000000,0.21517675,0.54293154,0.92850788,4,11,19,2,6,13,0.12925215,0.31010614,0.63387164,0.03660307,0.08986471,0.20121142
2068,0,USAlaskaDenali,Alaska,Denali,2020-10-22 14:42:23.664282,2020-07-25 00:00:00.000000,0.19939425,0.51537989,0.90443503,4,10,18,2,6,12,0.12065496,0.29712765,0.61538874,0.03728394,0.08985039,0.20057369
2068,0,USAlaskaDenali,Alaska,Denali,2020-10-22 14:42:23.664282,2020-07-26 00:00:00.000000,0.18428458,0.49781231,0.88020170,3,10,18,2,5,12,0.11189099,0.28355961,0.59309434,0.03718128,0.09049419,0.19816128
2068,0,USAlaskaDenali,Alaska,Denali,2020-10-22 14:42:23.664282,2020-07-27 00:00:00.000000,0.16985672,0.46909078,0.85983807,3,9,18,2,5,11,0.10377890,0.27023047,0.56862481,0.03693567,0.08896161,0.19732125
2068,0,USAlaskaDenali,Alaska,Denali,2020-10-22 14:42:23.664282,2020-07-28 00:00:00.000000,0.15611729,0.44253011,0.83498472,3,9,17,2,5,11,0.09645590,0.25665938,0.54310831,0.03686838,0.08753848,0.19840771
2068,0,USAlaskaDenali,Alaska,Denali,2020-10-22 14:42:23.664282,2020-07-29 00:00:00.000000,0.14314892,0.41978751,0.80799462,3,8,16,1,5,10,0.08932813,0.24609504,0.51731469,0.03688255,0.08723603,0.19879148
2068,0,USAlaskaDenali,Alaska,Denali,2020-10-22 14:42:23.664282,2020-07-30 00:00:00.000000,0.13105129,0.39753967,0.78283304,2,8,16,1,4,10,0.08249092,0.23530854,0.48573980,0.03699357,0.08751000,0.19818806
2068,0,USAlaskaDenali,Alaska,Denali,2020-10-22 14:42:23.664282,2020-07-31 00:00:00.000000,0.11984862,0.38151244,0.75654732,2,8,15,1,4,9,0.07598677,0.22528015,0.46490794,0.03732854,0.08715384,0.19606226
2068,0,USAlaskaDenali,Alaska,Denali,2020-10-22 14:42:23.664282,2020-08-01 00:00:00.000000,0.10945920,0.36327246,0.73005290,2,7,15,1,4,9,0.06983892,0.21684057,0.44375323,0.03671255,0.08732767,0.19549126
2068,0,USAlaskaDenali,Alaska,Denali,2020-10-22 14:42:23.664282,2020-08-02 00:00:00.000000,0.09983423,0.34838908,0.70391537,2,7,14,1,4,8,0.06406482,0.20824372,0.42186119,0.03473504,0.08901269,0.19462428
2068,0,USAlaskaDenali,Alaska,Denali,2020-10-22 14:42:23.664282,2020-08-03 00:00:00.000000,0.09092723,0.33305602,0.67837393,1,6,14,1,4,8,0.05921834,0.20096156,0.40841541,0.03532931,0.08899941,0.19911363
2068,0,USAlaskaDenali,Alaska,Denali,2020-10-22 14:42:23.664282,2020-08-04 00:00:00.000000,0.08270631,0.32088711,0.65353287,1,6,13,1,4,8,0.05492122,0.19439375,0.39487404,0.03663903,0.08885365,0.23865110
2068,0,USAlaskaDenali,Alaska,Denali,2020-10-22 14:42:23.664282,2020-08-05 00:00:00.000000,0.07600810,0.30476419,0.62944671,1,6,13,1,3,7,0.05094350,0.18849837,0.38138826,0.03723603,0.09005423,0.23964330
2068,0,USAlaskaDenali,Alaska,Denali,2020-10-22 14:42:23.664282,2020-08-06 00:00:00.000000,0.07054028,0.29111493,0.60616442,1,6,12,0,3,7,0.04726170,0.18260697,0.36807003,0.03751011,0.09121867,0.24110879
2068,0,USAlaskaDenali,Alaska,Denali,2020-10-22 14:42:23.664282,2020-08-07 00:00:00.000000,0.06398564,0.28061038,0.58373476,1,5,12,0,3,7,0.04385308,0.17459988,0.35500394,0.03769478,0.09314491,0.24281822
2068,0,USAlaskaDenali,Alaska,Denali,2020-10-22 14:42:23.664282,2020-08-08 00:00:00.000000,0.05764557,0.26849508,0.56216162,1,5,11,0,3,7,0.04069641,0.16686573,0.34225610,0.03792211,0.09358987,0.24317782
2068,0,USAlaskaDenali,Alaska,Denali,2020-10-22 14:42:23.664282,2020-08-09 00:00:00.000000,0.05195064,0.25264789,0.54143293,1,5,11,0,3,6,0.03777290,0.15833535,0.32987145,0.03828264,0.08991500,0.23896851
2068,0,USAlaskaDenali,Alaska,Denali,2020-10-22 14:42:23.664282,2020-08-10 00:00:00.000000,0.04683596,0.23726792,0.52149176,0,4,10,0,3,6,0.03507523,0.15005188,0.31787815,0.03876905,0.08882060,0.22463935
2068,0,USAlaskaDenali,Alaska,Denali,2020-10-22 14:42:23.664282,2020-08-11 00:00:00.000000,0.04224192,0.22685703,0.50478210,0,4,10,0,2,6,0.03183684,0.14264989,0.30628570,0.03928041,0.09006810,0.21767445
2068,0,USAlaskaDenali,Alaska,Denali,2020-10-22 14:42:23.664282,2020-08-12 00:00:00.000000,0.03838660,0.21734151,0.48907913,0,4,10,0,2,6,0.02869541,0.13556183,0.29508589,0.03968403,0.09192885,0.21788648
2068,0,USAlaskaDenali,Alaska,Denali,2020-10-22 14:42:23.664282,2020-08-13 00:00:00.000000,0.03490320,0.20522834,0.47440245,0,4,9,0,2,5,0.02587324,0.12826739,0.28425636,0.03925673,0.09310530,0.21736721
2068,0,USAlaskaDenali,Alaska,Denali,2020-10-22 14:42:23.664282,2020-08-14 00:00:00.000000,0.03175075,0.19382796,0.46152586,0,4,9,0,2,5,0.02333597,0.12149160,0.27376200,0.03882559,0.09137101,0.21841084
2068,0,USAlaskaDenali,Alaska,Denali,2020-10-22 14:42:23.664282,2020-08-15 00:00:00.000000,0.02891792,0.18446298,0.45032663,0,3,9,0,2,5,0.02105151,0.11505190,0.26355851,0.03831721,0.09085439,0.22945477
2068,0,USAlaskaDenali,Alaska,Denali,2020-10-22 14:42:23.664282,2020-08-16 00:00:00.000000,0.02638332,0.17578690,0.43966349,0,3,9,0,2,5,0.01899035,0.10840882,0.25360069,0.03732023,0.09077998,0.23356399
2068,0,USAlaskaDenali,Alaska,Denali,2020-10-22 14:42:23.664282,2020-08-17 00:00:00.000000,0.05568666,0.21806712,0.49348356,1,4,10,0,2,5,0.01712775,0.10257124,0.24500391,0.03672068,0.09333072,0.23511237
2068,0,USAlaskaDenali,Alaska,Denali,2020-10-22 14:42:23.664282,2020-08-18 00:00:00.000000,0.07598422,0.25386315,0.57451288,1,5,12,0,2,5,0.02504953,0.10983501,0.25125753,0.03644199,0.09439401,0.23536753
2068,0,USAlaskaDenali,Alaska,Denali,2020-10-22 14:42:23.664282,2020-08-19 00:00:00.000000,0.09661288,0.29051852,0.65692027,2,6,13,0,2,5,0.03152580,0.12023953,0.27061996,0.03652991,0.09431411,0.23538876
2068,0,USAlaskaDenali,Alaska,Denali,2020-10-22 14:42:23.664282,2020-08-20 00:00:00.000000,0.11706812,0.32231870,0.76638010,2,6,16,0,2,6,0.03994623,0.13452221,0.31938107,0.03672542,0.09389703,0.23770878
2068,0,USAlaskaDenali,Alaska,Denali,2020-10-22 14:42:23.664282,2020-08-21 00:00:00.000000,0.13699658,0.35457336,0.88337475,2,7,18,1,3,7,0.04950384,0.14959974,0.35846773,0.03685808,0.09535634,0.23771969
2068,0,USAlaskaDenali,Alaska,Denali,2020-10-22 14:42:23.664282,2020-08-22 00:00:00.000000,0.15449009,0.39379777,0.99982529,3,8,20,1,3,7,0.05961995,0.16582243,0.37077989,0.03738274,0.09606732,0.23773774
2068,0,USAlaskaDenali,Alaska,Denali,2020-10-22 14:42:23.664282,2020-08-23 00:00:00.000000,0.16516549,0.43640728,1.09155865,3,9,22,1,3,8,0.06990448,0.18545360,0.41623488,0.03806673,0.09831951,0.23779291
2068,0,USAlaskaDenali,Alaska,Denali,2020-10-22 14:42:23.664282,2020-08-24 00:00:00.000000,0.17874807,0.48045757,1.14691195,3,10,24,1,4,9,0.07524006,0.20617539,0.46177590,0.03859568,0.10000302,0.23812611
2068,0,USAlaskaDenali,Alaska,Denali,2020-10-22 14:42:23.664282,2020-08-25 00:00:00.000000,0.18735051,0.53827328,1.20263674,3,11,25,1,4,10,0.08731115,0.23095110,0.50902947,0.03947515,0.10136967,0.25032073
2068,0,USAlaskaDenali,Alaska,Denali,2020-10-22 14:42:23.664282,2020-08-26 00:00:00.000000,0.19560609,0.58041774,1.25971474,4,12,26,1,5,11,0.09533759,0.25574370,0.54857380,0.03966221,0.10215288,0.25112623
2068,0,USAlaskaDenali,Alaska,Denali,2020-10-22 14:42:23.664282,2020-08-27 00:00:00.000000,0.20514370,0.62219260,1.31415348,4,13,27,2,5,12,0.09999319,0.28479998,0.60294127,0.03956467,0.10267562,0.25170220
2068,0,USAlaskaDenali,Alaska,Denali,2020-10-22 14:42:23.664282,2020-08-28 00:00:00.000000,0.22487528,0.66191425,1.37611773,4,13,28,2,6,13,0.10459753,0.30464342,0.65657822,0.03846025,0.10258698,0.25290270
2068,0,USAlaskaDenali,Alaska,Denali,2020-10-22 14:42:23.664282,2020-08-29 00:00:00.000000,0.24376758,0.69842960,1.43524694,5,14,30,2,6,14,0.10910874,0.32589546,0.70525493,0.03943429,0.10607735,0.25470054
2068,0,USAlaskaDenali,Alaska,Denali,2020-10-22 14:42:23.664282,2020-08-30 00:00:00.000000,0.26158880,0.73057832,1.49542777,5,15,31,2,7,15,0.11349878,0.34016528,0.73819240,0.04252456,0.10827941,0.26024978
2068,0,USAlaskaDenali,Alaska,Denali,2020-10-22 14:42:23.664282,2020-08-31 00:00:00.000000,0.25155610,0.71220266,1.50054970,5,14,31,2,7,16,0.11926796,0.35713777,0.77130824,0.04157985,0.11172954,0.29662093
2068,0,USAlaskaDenali,Alaska,Denali,2020-10-22 14:42:23.664282,2020-09-01 00:00:00.000000,0.24054789,0.69534958,1.48998423,5,14,31,2,7,16,0.12324680,0.36733096,0.79385665,0.04068712,0.11311168,0.30767046
2068,0,USAlaskaDenali,Alaska,Denali,2020-10-22 14:42:23.664282,2020-09-02 00:00:00.000000,0.22840234,0.66655743,1.44706121,4,13,30,2,7,16,0.12339619,0.37402237,0.81021307,0.04014249,0.11401151,0.30844937
2068,0,USAlaskaDenali,Alaska,Denali,2020-10-22 14:42:23.664282,2020-09-03 00:00:00.000000,0.21585593,0.64286210,1.41828700,4,13,29,2,7,17,0.12101945,0.37789279,0.82344329,0.03985480,0.11563034,0.30943165
2068,0,USAlaskaDenali,Alaska,Denali,2020-10-22 14:42:23.664282,2020-09-04 00:00:00.000000,0.20336084,0.61860541,1.41252275,4,12,29,2,7,17,0.11704538,0.37429196,0.83541976,0.03975235,0.11659575,0.31138776
2068,0,USAlaskaDenali,Alaska,Denali,2020-10-22 14:42:23.664282,2020-09-05 00:00:00.000000,0.19116449,0.59286050,1.41007247,4,12,29,2,7,17,0.11212180,0.36497297,0.82083824,0.03980246,0.11775196,0.31393557
2068,0,USAlaskaDenali,Alaska,Denali,2020-10-22 14:42:23.664282,2020-09-06 00:00:00.000000,0.17939666,0.58413913,1.41053417,3,12,29,2,7,16,0.10777037,0.35254519,0.80218364,0.03998113,0.12151775,0.31663863
2068,0,USAlaskaDenali,Alaska,Denali,2020-10-22 14:42:23.664282,2020-09-07 00:00:00.000000,0.25509964,0.65944505,1.53379491,5,13,32,2,7,16,0.10349526,0.34113671,0.78168158,0.04023256,0.12278346,0.31896258
2068,0,USAlaskaDenali,Alaska,Denali,2020-10-22 14:42:23.664282,2020-09-08 00:00:00.000000,0.31335500,0.71753890,1.67629616,6,15,35,2,7,16,0.11513014,0.34708351,0.77915564,0.04050569,0.12368420,0.32067136
2068,0,USAlaskaDenali,Alaska,Denali,2020-10-22 14:42:23.664282,2020-09-09 00:00:00.000000,0.34959193,0.77163359,1.98391434,7,16,41,2,7,16,0.14101491,0.36399501,0.78923619,0.04078445,0.12665147,0.32181236
2068,0,USAlaskaDenali,Alaska,Denali,2020-10-22 14:42:23.664282,2020-09-10 00:00:00.000000,0.37319514,0.82896863,2.19622715,7,17,46,3,7,17,0.16186988,0.38025627,0.85638610,0.04105886,0.12811321,0.32205869
2068,0,USAlaskaDenali,Alaska,Denali,2020-10-22 14:42:23.664282,2020-09-11 00:00:00.000000,0.37935241,0.86282368,2.36387727,7,18,49,3,8,20,0.18168466,0.40685651,0.98889369,0.04130534,0.12840774,0.32181208
2068,0,USAlaskaDenali,Alaska,Denali,2020-10-22 14:42:23.664282,2020-09-12 00:00:00.000000,0.37483640,0.94154728,2.57253203,7,19,53,4,9,23,0.19638819,0.44138995,1.13777114,0.04271790,0.13147027,0.33444654
2068,0,USAlaskaDenali,Alaska,Denali,2020-10-22 14:42:23.664282,2020-09-13 00:00:00.000000,0.36874775,0.99661368,2.87013712,7,20,60,4,9,26,0.19197947,0.47442415,1.25473152,0.04155418,0.13278920,0.35968468
2068,0,USAlaskaDenali,Alaska,Denali,2020-10-22 14:42:23.664282,2020-09-14 00:00:00.000000,0.54948341,1.33961010,3.31797274,11,28,69,3,10,28,0.18820248,0.50565329,1.34038944,0.04154137,0.13437781,0.37432507
2068,0,USAlaskaDenali,Alaska,Denali,2020-10-22 14:42:23.664282,2020-09-15 00:00:00.000000,0.77081937,1.76579054,3.75968477,16,37,78,4,12,30,0.23791770,0.59975120,1.46114693,0.04150529,0.13683976,0.37987389
2068,0,USAlaskaDenali,Alaska,Denali,2020-10-22 14:42:23.664282,2020-09-16 00:00:00.000000,1.02009911,2.13225372,4.19709093,21,44,88,6,15,34,0.30080232,0.71800405,1.63311545,0.04145819,0.13765668,0.38606901
2068,0,USAlaskaDenali,Alaska,Denali,2020-10-22 14:42:23.664282,2020-09-17 00:00:00.000000,1.19561049,2.55909955,4.63229112,25,53,97,8,18,38,0.38438671,0.88028929,1.81351968,0.04134273,0.13816045,0.39905631
2068,0,USAlaskaDenali,Alaska,Denali,2020-10-22 14:42:23.664282,2020-09-18 00:00:00.000000,1.27555830,2.98087750,5.12319419,26,62,107,9,22,41,0.47534644,1.09252376,2.00114295,0.04076268,0.13954325,0.41276501
2068,0,USAlaskaDenali,Alaska,Denali,2020-10-22 14:42:23.664282,2020-09-19 00:00:00.000000,1.39732445,3.37369280,5.60957962,29,70,117,11,26,48,0.57047853,1.27897001,2.30828202,0.03848765,0.14131720,0.44506174
2068,0,USAlaskaDenali,Alaska,Denali,2020-10-22 14:42:23.664282,2020-09-20 00:00:00.000000,1.55682456,3.76623858,6.08406381,32,78,127,13,30,55,0.66652978,1.47404510,2.64164920,0.03568250,0.14268621,0.42274273
2068,0,USAlaskaDenali,Alaska,Denali,2020-10-22 14:42:23.664282,2020-09-21 00:00:00.000000,1.95724225,3.99754620,6.45798470,41,83,135,15,35,60,0.74598868,1.68318839,2.90702104,0.03685168,0.14182952,0.41196027
2068,0,USAlaskaDenali,Alaska,Denali,2020-10-22 14:42:23.664282,2020-09-22 00:00:00.000000,2.34951922,4.18608640,6.84075644,49,87,143,18,39,66,0.85850157,1.87231736,3.15057868,0.03710599,0.14266511,0.38086212
2068,0,USAlaskaDenali,Alaska,Denali,2020-10-22 14:42:23.664282,2020-09-23 00:00:00.000000,2.73501161,4.41185289,7.18542697,57,92,150,21,42,70,1.01191566,2.00827822,3.38258247,0.03718686,0.14240305,0.36143129
2068,0,USAlaskaDenali,Alaska,Denali,2020-10-22 14:42:23.664282,2020-09-24 00:00:00.000000,3.10659620,4.64490281,7.48276391,65,97,156,24,45,77,1.18759304,2.14769595,3.69648855,0.03739408,0.14480944,0.35792566
2068,0,USAlaskaDenali,Alaska,Denali,2020-10-22 14:42:23.664282,2020-09-25 00:00:00.000000,3.25862858,4.89681090,7.84182842,68,102,164,28,49,81,1.37446871,2.33775124,3.88383724,0.03810766,0.14444662,0.35583235
2068,0,USAlaskaDenali,Alaska,Denali,2020-10-22 14:42:23.664282,2020-09-26 00:00:00.000000,3.55442890,5.08373442,8.08022423,74,106,169,31,52,85,1.52166316,2.49906258,4.05645800,0.03942985,0.14913701,0.36365523
2068,0,USAlaskaDenali,Alaska,Denali,2020-10-22 14:42:23.664282,2020-09-27 00:00:00.000000,3.50557242,5.34914947,8.38082635,73,112,175,34,55,89,1.65788115,2.63437973,4.26467755,0.04032224,0.15235636,0.36485587
2068,0,USAlaskaDenali,Alaska,Denali,2020-10-22 14:42:23.664282,2020-09-28 00:00:00.000000,3.47304910,5.28505433,8.47876422,72,110,177,36,57,93,1.73742347,2.75366354,4.47383884,0.04059792,0.15500337,0.35995732
2068,0,USAlaskaDenali,Alaska,Denali,2020-10-22 14:42:23.664282,2020-09-29 00:00:00.000000,3.34742984,5.25173714,8.61009500,70,110,180,37,58,97,1.76895792,2.79415979,4.65642880,0.04066323,0.15519604,0.36046948
2068,0,USAlaskaDenali,Alaska,Denali,2020-10-22 14:42:23.664282,2020-09-30 00:00:00.000000,3.22589266,5.16384215,8.81253304,67,108,184,36,59,100,1.72746967,2.83690212,4.79060726,0.04068515,0.15717853,0.35966657
2068,0,USAlaskaDenali,Alaska,Denali,2020-10-22 14:42:23.664282,2020-10-01 00:00:00.000000,3.10800964,5.22849193,8.97856467,65,109,188,35,60,103,1.67882722,2.88737337,4.91710565,0.04071106,0.15887210,0.36097556
2068,0,USAlaskaDenali,Alaska,Denali,2020-10-22 14:42:23.664282,2020-10-02 00:00:00.000000,2.99377954,5.20133201,9.08794943,62,109,190,34,61,105,1.62650588,2.93474803,5.03699633,0.04077103,0.15879733,0.36693079
2068,0,USAlaskaDenali,Alaska,Denali,2020-10-22 14:42:23.664282,2020-10-03 00:00:00.000000,2.88356733,5.12762355,9.18780420,60,107,192,32,61,107,1.57261099,2.93409428,5.14384399,0.04091665,0.16064772,0.36923512
2068,0,USAlaskaDenali,Alaska,Denali,2020-10-22 14:42:23.664282,2020-10-04 00:00:00.000000,2.68481179,5.04935288,9.28398830,56,105,194,31,61,109,1.51663337,2.92851862,5.23964055,0.04124093,0.16070315,0.36958212
2068,0,USAlaskaDenali,Alaska,Denali,2020-10-22 14:42:23.664282,2020-10-05 00:00:00.000000,2.93699447,5.13718966,9.43586213,61,107,197,30,60,112,1.45872458,2.89674700,5.37906225,0.04285430,0.16368345,0.37197984
2068,0,USAlaskaDenali,Alaska,Denali,2020-10-22 14:42:23.664282,2020-10-06 00:00:00.000000,3.20213797,5.21261052,9.58524121,67,109,201,30,60,116,1.47081925,2.88539455,5.56203948,0.04473642,0.16728572,0.37265306
2068,0,USAlaskaDenali,Alaska,Denali,2020-10-22 14:42:23.664282,2020-10-07 00:00:00.000000,3.42143614,5.33871021,9.73347908,71,111,204,32,60,120,1.52644329,2.87765707,5.74864397,0.04558271,0.17232963,0.37291951
2068,0,USAlaskaDenali,Alaska,Denali,2020-10-22 14:42:23.664282,2020-10-08 00:00:00.000000,3.52632412,5.44705225,10.02164078,73,114,210,33,61,123,1.60618358,2.90925620,5.88069144,0.04559137,0.17666637,0.37290299
2068,0,USAlaskaDenali,Alaska,Denali,2020-10-22 14:42:23.664282,2020-10-09 00:00:00.000000,3.54186940,5.55349382,10.24089005,74,116,214,35,61,125,1.70375460,2.91625981,5.99525337,0.04425513,0.17732781,0.39159101
2068,0,USAlaskaDenali,Alaska,Denali,2020-10-22 14:42:23.664282,2020-10-10 00:00:00.000000,3.54430083,5.68637767,10.30217204,74,119,216,37,62,128,1.78216749,2.96536998,6.11578624,0.04212844,0.18075137,0.38420556
2068,0,USAlaskaDenali,Alaska,Denali,2020-10-22 14:42:23.664282,2020-10-11 00:00:00.000000,3.46187210,5.83082289,10.41025144,72,122,218,39,63,131,1.86670681,3.00604026,6.25045704,0.04024705,0.18955126,0.37994449
2068,0,USAlaskaDenali,Alaska,Denali,2020-10-22 14:42:23.664282,2020-10-12 00:00:00.000000,3.27327810,5.68513387,10.56806769,68,119,221,39,64,134,1.88943793,3.06954297,6.39186495,0.03911200,0.19714442,0.37842643
2068,0,USAlaskaDenali,Alaska,Denali,2020-10-22 14:42:23.664282,2020-10-13 00:00:00.000000,3.17722434,5.51223383,10.72400059,66,115,224,38,65,136,1.84225502,3.10593722,6.52634024,0.03845604,0.19576231,0.37827412
2068,0,USAlaskaDenali,Alaska,Denali,2020-10-22 14:42:23.664282,2020-10-14 00:00:00.000000,2.94608753,5.40632824,10.87408330,61,113,228,37,65,137,1.78160416,3.12357846,6.56513433,0.03793896,0.19301996,0.37922832
2068,0,USAlaskaDenali,Alaska,Denali,2020-10-22 14:42:23.664282,2020-10-15 00:00:00.000000,2.75813932,5.24384862,11.01396097,57,109,230,35,64,137,1.68577688,3.08601490,6.56410521,0.03742021,0.19401854,0.38373717
2068,0,USAlaskaDenali,Alaska,Denali,2020-10-22 14:42:23.664282,2020-10-16 00:00:00.000000,2.58988494,5.11848378,11.09685235,54,107,232,32,64,137,1.57034287,3.05574609,6.55845664,0.03693406,0.19248381,0.41499310
2068,0,USAlaskaDenali,Alaska,Denali,2020-10-22 14:42:23.664282,2020-10-17 00:00:00.000000,2.43153637,5.02397291,11.13936614,50,105,233,30,63,137,1.47673410,3.03496405,6.54738612,0.03656049,0.19201104,0.41108795
2068,0,USAlaskaDenali,Alaska,Denali,2020-10-22 14:42:23.664282,2020-10-18 00:00:00.000000,2.28761696,4.90664686,11.39579855,47,102,238,28,62,136,1.37602143,2.97689067,6.52736264,0.03632140,0.19322938,0.40907850
2068,0,USAlaskaDenali,Alaska,Denali,2020-10-22 14:42:23.664282,2020-10-19 00:00:00.000000,2.11110295,4.80726944,11.55162077,44,100,242,26,60,138,1.27285321,2.88615968,6.61918272,0.03619948,0.18855182,0.40967856
2068,0,USAlaskaDenali,Alaska,Denali,2020-10-22 14:42:23.664282,2020-10-20 00:00:00.000000,1.96362511,4.72754256,11.69100439,41,99,245,24,59,145,1.17055732,2.81436937,6.95885469,0.03613786,0.18449527,0.40979505
2068,0,USAlaskaDenali,Alaska,Denali,2020-10-22 14:42:23.664282,2020-10-21 00:00:00.000000,1.82437898,4.60109776,11.80683685,38,96,247,22,57,150,1.07253904,2.74443438,7.16507156,0.03610790,0.18426731,0.40981879
2068,0,USAlaskaDenali,Alaska,Denali,2020-10-22 14:42:23.664282,2020-10-22 00:00:00.000000,1.69355647,4.47482690,11.91813953,35,93,249,20,56,149,0.97893035,2.69308505,7.13872117,0.03609360,0.18407710,0.40982399
2068,0,USAlaskaDenali,Alaska,Denali,2020-10-22 14:42:23.664282,2020-10-23 00:00:00.000000,1.57160999,4.35000305,12.02574172,32,91,252,18,54,148,0.89240978,2.61903495,7.09717476,0.03608684,0.18392172,0.40982516
2068,0,USAlaskaDenali,Alaska,Denali,2020-10-22 14:42:23.664282,2020-10-24 00:00:00.000000,1.45745664,4.22720595,12.12951658,30,88,254,17,53,147,0.83864922,2.54023978,7.04346415,0.03608366,0.18379700,0.40982537
2068,0,USAlaskaDenali,Alaska,Denali,2020-10-22 14:42:23.664282,2020-10-25 00:00:00.000000,1.31189282,4.17506828,12.18752240,27,87,255,16,51,146,0.78772401,2.47569355,6.97974598,0.03608216,0.18369830,0.40982535
2068,0,USAlaskaDenali,Alaska,Denali,2020-10-22 14:42:23.664282,2020-10-26 00:00:00.000000,1.17810955,4.12688928,12.02353373,24,86,252,15,50,144,0.72011570,2.41485047,6.90758857,0.03608146,0.18362105,0.40982529
2068,0,USAlaskaDenali,Alaska,Denali,2020-10-22 14:42:23.664282,2020-10-27 00:00:00.000000,1.05707596,4.05312493,11.85107042,22,84,248,13,49,143,0.65216733,2.35843364,6.82816461,0.03608113,0.18362204,0.40982523
2068,0,USAlaskaDenali,Alaska,Denali,2020-10-22 14:42:23.664282,2020-10-28 00:00:00.000000,0.94779151,3.94834369,11.67087151,19,82,244,12,48,141,0.59032195,2.33407315,6.74238050,0.03608098,0.18362938,0.40982519
2068,0,USAlaskaDenali,Alaska,Denali,2020-10-22 14:42:23.664282,2020-10-29 00:00:00.000000,0.84927907,3.84529342,11.48364025,17,80,240,11,48,139,0.53412887,2.30966117,6.65096327,0.03608091,0.18363239,0.40982516
2068,0,USAlaskaDenali,Alaska,Denali,2020-10-22 14:42:23.664282,2020-10-30 00:00:00.000000,0.76060154,3.74402904,11.39661785,15,78,238,10,47,138,0.48313761,2.25544242,6.59590378,0.03608087,0.18363363,0.40982515
2068,0,USAlaskaDenali,Alaska,Denali,2020-10-22 14:42:23.664282,2020-10-31 00:00:00.000000,0.68087240,3.64459041,11.57160434,14,76,242,9,46,140,0.43691169,2.19726020,6.70925155,0.03608086,0.18363413,0.40982513
2068,0,USAlaskaDenali,Alaska,Denali,2020-10-22 14:42:23.664282,2020-11-01 00:00:00.000000,0.60926169,3.56949330,11.74149698,12,74,246,8,44,143,0.39503662,2.14020970,6.82048270,0.03608085,0.18363434,0.40982513
2068,0,USAlaskaDenali,Alaska,Denali,2020-10-22 14:42:23.664282,2020-11-02 00:00:00.000000,0.54499868,3.52332991,11.90589316,11,73,249,7,43,145,0.35712417,2.08431593,6.92931284,0.03608084,0.18363443,0.40982512
