FIPS,HR_UID,nameid,province,region,analysisTime,dates,pointprevalence_025,pointprevalence_50,pointprevalence_975,pointinfections_025,pointinfections_50,pointinfections_975,pointinfectious_025,pointinfectious_50,pointinfectious_975,pointinfectiousprevalence_05,pointinfectiousprevalence_50,pointinfectiousprevalence_95,infectrate_025,infectrate_50,infectrate_975
48015,0,USTexasAustin,Texas,Austin,2020-10-16 17:09:26.554577,2020-03-09 00:00:00.000000,0.00133213,0.01100180,0.03774444,0,3,11,0,1,6,0.00072127,0.00616183,0.02101060,0.35907387,0.52996300,0.77522230
48015,0,USTexasAustin,Texas,Austin,2020-10-16 17:09:26.554577,2020-03-10 00:00:00.000000,0.00145537,0.01198998,0.04070358,0,3,12,0,1,6,0.00070656,0.00586972,0.02038434,0.35907041,0.52991628,0.77508502
48015,0,USTexasAustin,Texas,Austin,2020-10-16 17:09:26.554577,2020-03-11 00:00:00.000000,0.00157530,0.01329993,0.04586096,0,3,13,0,1,6,0.00072071,0.00588905,0.02106606,0.35906162,0.52983110,0.77480518
48015,0,USTexasAustin,Texas,Austin,2020-10-16 17:09:26.554577,2020-03-12 00:00:00.000000,0.00169273,0.01467688,0.04930503,0,4,14,0,1,6,0.00075194,0.00622707,0.02188351,0.35903930,0.52967584,0.77423658
48015,0,USTexasAustin,Texas,Austin,2020-10-16 17:09:26.554577,2020-03-13 00:00:00.000000,0.00180846,0.01634562,0.05159172,0,4,15,0,2,7,0.00079323,0.00670647,0.02336872,0.35898278,0.52939255,0.77308898
48015,0,USTexasAustin,Texas,Austin,2020-10-16 17:09:26.554577,2020-03-14 00:00:00.000000,0.00192330,0.01765309,0.05397842,0,5,16,0,2,7,0.00084040,0.00729059,0.02498723,0.35884046,0.52887141,0.77080370
48015,0,USTexasAustin,Texas,Austin,2020-10-16 17:09:26.554577,2020-03-15 00:00:00.000000,0.00203797,0.01945664,0.05638978,0,5,16,0,2,8,0.00089104,0.00798926,0.02679717,0.35848726,0.52787978,0.76637229
48015,0,USTexasAustin,Texas,Austin,2020-10-16 17:09:26.554577,2020-03-16 00:00:00.000000,0.00581603,0.02546440,0.06342613,1,7,19,0,2,8,0.00094380,0.00860316,0.02870340,0.35764145,0.52603570,0.76230928
48015,0,USTexasAustin,Texas,Austin,2020-10-16 17:09:26.554577,2020-03-17 00:00:00.000000,0.00981297,0.03264035,0.08103297,2,9,24,0,3,9,0.00167162,0.01019743,0.03184417,0.34939593,0.52265016,0.75556486
48015,0,USTexasAustin,Texas,Austin,2020-10-16 17:09:26.554577,2020-03-18 00:00:00.000000,0.01353538,0.03934606,0.09042246,4,11,27,0,3,10,0.00284779,0.01214608,0.03478481,0.34553617,0.51320744,0.74038128
48015,0,USTexasAustin,Texas,Austin,2020-10-16 17:09:26.554577,2020-03-19 00:00:00.000000,0.01706917,0.04681669,0.09999942,5,14,30,1,4,12,0.00420136,0.01505131,0.04289579,0.34511331,0.50915359,0.71903215
48015,0,USTexasAustin,Texas,Austin,2020-10-16 17:09:26.554577,2020-03-20 00:00:00.000000,0.01932385,0.05514333,0.10978407,5,16,32,1,5,14,0.00594221,0.01846682,0.04934364,0.32769763,0.47425125,0.71554945
48015,0,USTexasAustin,Texas,Austin,2020-10-16 17:09:26.554577,2020-03-21 00:00:00.000000,0.02212436,0.06280106,0.11953956,6,18,35,2,6,16,0.00786894,0.02160609,0.05457355,0.31389868,0.44906947,0.70592825
48015,0,USTexasAustin,Texas,Austin,2020-10-16 17:09:26.554577,2020-03-22 00:00:00.000000,0.02528315,0.06939966,0.12888877,7,20,38,2,7,17,0.00906162,0.02460473,0.05990226,0.30509251,0.41099483,0.68439780
48015,0,USTexasAustin,Texas,Austin,2020-10-16 17:09:26.554577,2020-03-23 00:00:00.000000,0.03072090,0.07832657,0.13764024,9,23,41,3,8,19,0.01077543,0.02826115,0.06530379,0.27354981,0.39271949,0.66951550
48015,0,USTexasAustin,Texas,Austin,2020-10-16 17:09:26.554577,2020-03-24 00:00:00.000000,0.03634338,0.08690069,0.14537685,10,26,43,3,9,21,0.01283224,0.03269526,0.07063672,0.26613076,0.38013967,0.64147786
48015,0,USTexasAustin,Texas,Austin,2020-10-16 17:09:26.554577,2020-03-25 00:00:00.000000,0.04222870,0.09473875,0.15272354,12,28,45,4,10,22,0.01501995,0.03651632,0.07602212,0.26336477,0.36699130,0.63038651
48015,0,USTexasAustin,Texas,Austin,2020-10-16 17:09:26.554577,2020-03-26 00:00:00.000000,0.04833952,0.10177779,0.17037706,14,30,51,5,12,24,0.01732594,0.04005649,0.08151547,0.24981449,0.35794356,0.60618050
48015,0,USTexasAustin,Texas,Austin,2020-10-16 17:09:26.554577,2020-03-27 00:00:00.000000,0.05352128,0.10679338,0.19096798,16,32,57,5,13,26,0.01974391,0.04362881,0.08703160,0.23510413,0.35423385,0.57600738
48015,0,USTexasAustin,Texas,Austin,2020-10-16 17:09:26.554577,2020-03-28 00:00:00.000000,0.06033193,0.11277930,0.20944515,18,33,62,6,14,26,0.02227177,0.04691521,0.08983682,0.22198532,0.34488575,0.54304497
48015,0,USTexasAustin,Texas,Austin,2020-10-16 17:09:26.554577,2020-03-29 00:00:00.000000,0.06359780,0.11731629,0.23180771,19,35,69,7,15,27,0.02493430,0.05132046,0.09167123,0.20857553,0.32336193,0.52811188
48015,0,USTexasAustin,Texas,Austin,2020-10-16 17:09:26.554577,2020-03-30 00:00:00.000000,0.06974128,0.12690405,0.25255026,20,38,75,8,16,29,0.02827247,0.05574187,0.09901149,0.17795477,0.30969177,0.50969187
48015,0,USTexasAustin,Texas,Austin,2020-10-16 17:09:26.554577,2020-03-31 00:00:00.000000,0.07605090,0.13383230,0.27254638,22,40,81,9,18,32,0.03194402,0.06003336,0.10910698,0.16560129,0.30124605,0.49926242
48015,0,USTexasAustin,Texas,Austin,2020-10-16 17:09:26.554577,2020-04-01 00:00:00.000000,0.07876569,0.13822149,0.29206813,23,41,87,10,19,34,0.03576931,0.06344332,0.11501903,0.16356193,0.29237082,0.49241452
48015,0,USTexasAustin,Texas,Austin,2020-10-16 17:09:26.554577,2020-04-02 00:00:00.000000,0.08029713,0.14795045,0.31106230,24,44,93,11,20,37,0.03715728,0.06769833,0.12451615,0.16723287,0.27773585,0.47464336
48015,0,USTexasAustin,Texas,Austin,2020-10-16 17:09:26.554577,2020-04-03 00:00:00.000000,0.08172643,0.15539929,0.32935718,24,46,98,11,21,40,0.03830889,0.07188235,0.13397145,0.16146822,0.27278092,0.44932469
48015,0,USTexasAustin,Texas,Austin,2020-10-16 17:09:26.554577,2020-04-04 00:00:00.000000,0.08328427,0.16182123,0.34698702,25,48,104,11,22,42,0.03929471,0.07596701,0.14314465,0.15229434,0.26881591,0.42552116
48015,0,USTexasAustin,Texas,Austin,2020-10-16 17:09:26.554577,2020-04-05 00:00:00.000000,0.08510447,0.16981273,0.36320255,25,50,109,12,23,45,0.04016046,0.07821997,0.15203003,0.15358629,0.25907669,0.40932683
48015,0,USTexasAustin,Texas,Austin,2020-10-16 17:09:26.554577,2020-04-06 00:00:00.000000,0.09707809,0.17454236,0.36700425,29,52,110,12,24,48,0.04093863,0.08019608,0.16057133,0.16177202,0.25049024,0.39913668
48015,0,USTexasAustin,Texas,Austin,2020-10-16 17:09:26.554577,2020-04-07 00:00:00.000000,0.10811380,0.17745535,0.36885363,32,53,110,13,25,50,0.04399703,0.08431673,0.16651381,0.16750273,0.24680436,0.38354522
48015,0,USTexasAustin,Texas,Austin,2020-10-16 17:09:26.554577,2020-04-08 00:00:00.000000,0.11304830,0.17920640,0.36592277,33,53,109,14,25,51,0.04754056,0.08642961,0.17026417,0.16563231,0.23617921,0.37321726
48015,0,USTexasAustin,Texas,Austin,2020-10-16 17:09:26.554577,2020-04-09 00:00:00.000000,0.11686643,0.18227003,0.36011464,35,54,108,15,26,51,0.05131365,0.08962396,0.17195013,0.15642568,0.22777859,0.35997087
48015,0,USTexasAustin,Texas,Austin,2020-10-16 17:09:26.554577,2020-04-10 00:00:00.000000,0.11948304,0.18963817,0.35261149,35,56,105,16,28,51,0.05527016,0.09347965,0.17179229,0.14581253,0.22051033,0.34471893
48015,0,USTexasAustin,Texas,Austin,2020-10-16 17:09:26.554577,2020-04-11 00:00:00.000000,0.12335312,0.19385244,0.34428690,37,58,103,17,28,52,0.05936759,0.09644124,0.17445009,0.14524821,0.21675727,0.33200012
48015,0,USTexasAustin,Texas,Austin,2020-10-16 17:09:26.554577,2020-04-12 00:00:00.000000,0.12626925,0.19837713,0.34052827,37,59,102,18,29,51,0.06129634,0.09771640,0.17140636,0.14613676,0.21305062,0.32947170
48015,0,USTexasAustin,Texas,Austin,2020-10-16 17:09:26.554577,2020-04-13 00:00:00.000000,0.12992913,0.20347693,0.34297231,39,61,103,18,29,51,0.06310878,0.09943534,0.17260790,0.14824661,0.21086660,0.32634415
48015,0,USTexasAustin,Texas,Austin,2020-10-16 17:09:26.554577,2020-04-14 00:00:00.000000,0.12488532,0.20742758,0.34831616,37,62,104,19,30,53,0.06563596,0.10175573,0.17717781,0.15147026,0.21017430,0.33199229
48015,0,USTexasAustin,Texas,Austin,2020-10-16 17:09:26.554577,2020-04-15 00:00:00.000000,0.11869005,0.21296286,0.35306804,35,63,106,20,31,54,0.06680728,0.10507729,0.18124793,0.15140869,0.20762569,0.33321099
48015,0,USTexasAustin,Texas,Austin,2020-10-16 17:09:26.554577,2020-04-16 00:00:00.000000,0.11347352,0.21434653,0.35689972,34,64,107,19,32,54,0.06593799,0.10663365,0.18249387,0.14514322,0.20533345,0.32972091
48015,0,USTexasAustin,Texas,Austin,2020-10-16 17:09:26.554577,2020-04-17 00:00:00.000000,0.11502872,0.21722128,0.35995444,34,65,108,19,32,54,0.06372939,0.10835860,0.18123698,0.14071074,0.20565951,0.31543091
48015,0,USTexasAustin,Texas,Austin,2020-10-16 17:09:26.554577,2020-04-18 00:00:00.000000,0.11815835,0.21973372,0.36036321,35,65,108,18,33,54,0.06269363,0.11072079,0.17993606,0.13868559,0.20316884,0.31306586
48015,0,USTexasAustin,Texas,Austin,2020-10-16 17:09:26.554577,2020-04-19 00:00:00.000000,0.12126018,0.22115651,0.36276350,36,66,108,19,33,53,0.06349766,0.11155220,0.17863101,0.13235127,0.20176786,0.31201310
48015,0,USTexasAustin,Texas,Austin,2020-10-16 17:09:26.554577,2020-04-20 00:00:00.000000,0.12470142,0.22743599,0.36590239,37,68,109,19,33,53,0.06330427,0.11277289,0.17905443,0.12434481,0.19794843,0.31131192
48015,0,USTexasAustin,Texas,Austin,2020-10-16 17:09:26.554577,2020-04-21 00:00:00.000000,0.12811825,0.23505571,0.36706816,38,70,110,18,34,54,0.06214181,0.11444388,0.18254860,0.12446503,0.19709285,0.31135257
48015,0,USTexasAustin,Texas,Austin,2020-10-16 17:09:26.554577,2020-04-22 00:00:00.000000,0.13828372,0.23713269,0.36789451,41,71,110,19,35,55,0.06528163,0.11772316,0.18555136,0.12511411,0.19436360,0.31181157
48015,0,USTexasAustin,Texas,Austin,2020-10-16 17:09:26.554577,2020-04-23 00:00:00.000000,0.13894225,0.24049658,0.36930007,41,72,110,20,35,56,0.06945649,0.11957888,0.18775755,0.12479924,0.19322157,0.31074664
48015,0,USTexasAustin,Texas,Austin,2020-10-16 17:09:26.554577,2020-04-24 00:00:00.000000,0.13784800,0.24607732,0.37406176,41,73,112,21,35,56,0.07239645,0.11924319,0.18962082,0.12289290,0.19536414,0.29236915
48015,0,USTexasAustin,Texas,Austin,2020-10-16 17:09:26.554577,2020-04-25 00:00:00.000000,0.13895346,0.24755509,0.38429669,41,74,115,22,35,58,0.07417009,0.11936547,0.19535847,0.12123110,0.19511998,0.27283696
48015,0,USTexasAustin,Texas,Austin,2020-10-16 17:09:26.554577,2020-04-26 00:00:00.000000,0.13862304,0.24866919,0.39407777,41,74,118,22,35,60,0.07494406,0.11979141,0.20082599,0.12380478,0.19468385,0.27498088
48015,0,USTexasAustin,Texas,Austin,2020-10-16 17:09:26.554577,2020-04-27 00:00:00.000000,0.13857913,0.25207527,0.39445984,41,75,118,21,36,61,0.07257957,0.12106736,0.20328759,0.12857049,0.19593829,0.27524256
48015,0,USTexasAustin,Texas,Austin,2020-10-16 17:09:26.554577,2020-04-28 00:00:00.000000,0.13843774,0.25834626,0.39415390,41,77,118,21,36,61,0.07069626,0.12301215,0.20461306,0.12835237,0.19752682,0.27491308
48015,0,USTexasAustin,Texas,Austin,2020-10-16 17:09:26.554577,2020-04-29 00:00:00.000000,0.13827357,0.26201350,0.39353284,41,78,118,20,37,62,0.06909727,0.12516578,0.20652803,0.12831125,0.19879105,0.27479071
48015,0,USTexasAustin,Texas,Austin,2020-10-16 17:09:26.554577,2020-04-30 00:00:00.000000,0.13814695,0.26191518,0.39463839,41,78,118,20,38,62,0.06767738,0.12735311,0.20887253,0.12850345,0.19969630,0.27307179
48015,0,USTexasAustin,Texas,Austin,2020-10-16 17:09:26.554577,2020-05-01 00:00:00.000000,0.13826612,0.26077980,0.40092528,41,78,120,19,38,63,0.06638533,0.12886521,0.21152704,0.12908790,0.20005855,0.27647157
48015,0,USTexasAustin,Texas,Austin,2020-10-16 17:09:26.554577,2020-05-02 00:00:00.000000,0.13903231,0.26335714,0.40724287,41,79,122,19,39,64,0.06519646,0.13242481,0.21440535,0.13005279,0.20656959,0.28207216
48015,0,USTexasAustin,Texas,Austin,2020-10-16 17:09:26.554577,2020-05-03 00:00:00.000000,0.13689291,0.27000459,0.41381011,41,81,124,19,40,65,0.06409840,0.13502918,0.21745470,0.12542460,0.20863933,0.28580169
48015,0,USTexasAustin,Texas,Austin,2020-10-16 17:09:26.554577,2020-05-04 00:00:00.000000,0.13629041,0.27104553,0.41569322,40,81,124,18,41,66,0.06308797,0.13659795,0.22066822,0.12957256,0.20945017,0.28959247
48015,0,USTexasAustin,Texas,Austin,2020-10-16 17:09:26.554577,2020-05-05 00:00:00.000000,0.13560933,0.27260748,0.42102462,40,81,126,19,41,66,0.06439696,0.13760168,0.22264343,0.13144501,0.21134834,0.29045898
48015,0,USTexasAustin,Texas,Austin,2020-10-16 17:09:26.554577,2020-05-06 00:00:00.000000,0.13554467,0.27366335,0.42560187,40,82,127,20,41,67,0.06719942,0.13925160,0.22382967,0.13158073,0.21194601,0.29720895
48015,0,USTexasAustin,Texas,Austin,2020-10-16 17:09:26.554577,2020-05-07 00:00:00.000000,0.13716694,0.27688059,0.42981078,41,83,129,21,42,67,0.07001820,0.14001946,0.22454717,0.13190344,0.21090725,0.30016766
48015,0,USTexasAustin,Texas,Austin,2020-10-16 17:09:26.554577,2020-05-08 00:00:00.000000,0.13939385,0.28087772,0.43674227,41,84,131,20,42,67,0.06942359,0.14088192,0.22502228,0.13196677,0.21494991,0.31123660
48015,0,USTexasAustin,Texas,Austin,2020-10-16 17:09:26.554577,2020-05-09 00:00:00.000000,0.14017605,0.28781992,0.44500758,42,86,133,20,42,68,0.06882448,0.14279330,0.22821434,0.13327821,0.21743298,0.32195428
48015,0,USTexasAustin,Texas,Austin,2020-10-16 17:09:26.554577,2020-05-10 00:00:00.000000,0.14033110,0.29284308,0.45226215,42,87,135,20,43,70,0.06825958,0.14324874,0.23432923,0.13917522,0.21909243,0.31109236
48015,0,USTexasAustin,Texas,Austin,2020-10-16 17:09:26.554577,2020-05-11 00:00:00.000000,0.14244074,0.30009194,0.45910070,42,90,137,20,43,72,0.06774510,0.14456592,0.24113832,0.14518578,0.22248683,0.31025405
48015,0,USTexasAustin,Texas,Austin,2020-10-16 17:09:26.554577,2020-05-12 00:00:00.000000,0.14409676,0.30461594,0.46595082,43,91,139,20,44,73,0.06780041,0.14743218,0.24512671,0.14869956,0.22507928,0.31885243
48015,0,USTexasAustin,Texas,Austin,2020-10-16 17:09:26.554577,2020-05-13 00:00:00.000000,0.14479113,0.30881815,0.47293065,43,92,142,20,45,73,0.06826023,0.15064545,0.24397447,0.15052368,0.22818720,0.32669768
48015,0,USTexasAustin,Texas,Austin,2020-10-16 17:09:26.554577,2020-05-14 00:00:00.000000,0.14556306,0.31361832,0.47990218,43,94,144,20,46,72,0.06909129,0.15395871,0.24278644,0.15058428,0.23091749,0.33344122
48015,0,USTexasAustin,Texas,Austin,2020-10-16 17:09:26.554577,2020-05-15 00:00:00.000000,0.14645905,0.32016572,0.48657299,43,96,146,21,47,73,0.07017218,0.15781256,0.24501721,0.15370244,0.23680448,0.33873279
48015,0,USTexasAustin,Texas,Austin,2020-10-16 17:09:26.554577,2020-05-16 00:00:00.000000,0.14857197,0.32892595,0.49308334,44,98,148,21,48,74,0.07141298,0.16130802,0.24928312,0.16201321,0.24480395,0.32925464
48015,0,USTexasAustin,Texas,Austin,2020-10-16 17:09:26.554577,2020-05-17 00:00:00.000000,0.15108054,0.33646233,0.49895621,45,101,149,21,49,76,0.07276172,0.16473516,0.25362363,0.16258416,0.24754461,0.32039003
48015,0,USTexasAustin,Texas,Austin,2020-10-16 17:09:26.554577,2020-05-18 00:00:00.000000,0.16024968,0.34124150,0.50328246,48,102,151,22,50,77,0.07424309,0.16890958,0.25809114,0.15924742,0.25020080,0.34653281
48015,0,USTexasAustin,Texas,Austin,2020-10-16 17:09:26.554577,2020-05-19 00:00:00.000000,0.16970325,0.34492837,0.51703747,50,103,155,23,51,79,0.07721103,0.17290310,0.26332616,0.15868253,0.25655859,0.36464542
48015,0,USTexasAustin,Texas,Austin,2020-10-16 17:09:26.554577,2020-05-20 00:00:00.000000,0.18013968,0.35938939,0.53083996,54,107,159,24,53,80,0.08171709,0.17740315,0.26934175,0.16644719,0.26640407,0.42487106
48015,0,USTexasAustin,Texas,Austin,2020-10-16 17:09:26.554577,2020-05-21 00:00:00.000000,0.18216906,0.37073421,0.54561603,54,111,163,25,54,82,0.08362153,0.18199404,0.27559554,0.16674056,0.26704862,0.45571722
48015,0,USTexasAustin,Texas,Austin,2020-10-16 17:09:26.554577,2020-05-22 00:00:00.000000,0.18556541,0.38004855,0.57039694,55,114,171,24,55,84,0.08206462,0.18594754,0.28226194,0.17342973,0.26755188,0.47671675
48015,0,USTexasAustin,Texas,Austin,2020-10-16 17:09:26.554577,2020-05-23 00:00:00.000000,0.18759707,0.38723043,0.59089423,56,116,177,25,57,86,0.08494423,0.19097166,0.28926524,0.17830641,0.27360922,0.50084187
48015,0,USTexasAustin,Texas,Austin,2020-10-16 17:09:26.554577,2020-05-24 00:00:00.000000,0.18989900,0.39740764,0.59984544,57,119,180,27,58,89,0.09277545,0.19503901,0.29747341,0.19022337,0.27920825,0.51950507
48015,0,USTexasAustin,Texas,Austin,2020-10-16 17:09:26.554577,2020-05-25 00:00:00.000000,0.19377485,0.41069353,0.60092407,58,123,180,30,59,93,0.10006916,0.19972668,0.30975156,0.19394459,0.29221388,0.53606788
48015,0,USTexasAustin,Texas,Austin,2020-10-16 17:09:26.554577,2020-05-26 00:00:00.000000,0.20053768,0.42642885,0.62232576,60,128,186,30,61,95,0.10282413,0.20447496,0.31906278,0.19893543,0.29608340,0.54084797
48015,0,USTexasAustin,Texas,Austin,2020-10-16 17:09:26.554577,2020-05-27 00:00:00.000000,0.21456054,0.44006380,0.64536683,64,132,193,31,62,99,0.10605644,0.20900285,0.33124928,0.20302602,0.30010044,0.54210416
48015,0,USTexasAustin,Texas,Austin,2020-10-16 17:09:26.554577,2020-05-28 00:00:00.000000,0.22893891,0.45894384,0.67049730,68,137,201,32,64,103,0.10964575,0.21422686,0.34544285,0.20359963,0.30185145,0.54253500
48015,0,USTexasAustin,Texas,Austin,2020-10-16 17:09:26.554577,2020-05-29 00:00:00.000000,0.24348685,0.47240446,0.69855746,73,141,209,33,66,108,0.11172113,0.22234778,0.36091176,0.20709556,0.31487110,0.54312734
48015,0,USTexasAustin,Texas,Austin,2020-10-16 17:09:26.554577,2020-05-30 00:00:00.000000,0.25681963,0.48611571,0.72937145,77,145,219,33,68,113,0.11194169,0.22812202,0.37721338,0.21889393,0.32708204,0.54495958
48015,0,USTexasAustin,Texas,Austin,2020-10-16 17:09:26.554577,2020-05-31 00:00:00.000000,0.26174077,0.50091449,0.76226497,78,150,228,33,70,117,0.11218349,0.23491400,0.39277137,0.22163758,0.33471329,0.55083872
48015,0,USTexasAustin,Texas,Austin,2020-10-16 17:09:26.554577,2020-06-01 00:00:00.000000,0.26492670,0.52409533,0.80000335,79,157,240,34,71,122,0.11406938,0.23835324,0.40711962,0.22758767,0.34455135,0.56683557
48015,0,USTexasAustin,Texas,Austin,2020-10-16 17:09:26.554577,2020-06-02 00:00:00.000000,0.26993036,0.54429189,0.83227435,81,163,249,35,74,126,0.11722234,0.24896555,0.42064971,0.22747712,0.34803902,0.56410659
48015,0,USTexasAustin,Texas,Austin,2020-10-16 17:09:26.554577,2020-06-03 00:00:00.000000,0.27641028,0.56690239,0.86653212,83,170,260,36,77,130,0.12134814,0.25766627,0.43589850,0.22768527,0.35438852,0.57063019
48015,0,USTexasAustin,Texas,Austin,2020-10-16 17:09:26.554577,2020-06-04 00:00:00.000000,0.28410290,0.58913214,0.89598285,85,176,269,37,80,137,0.12494433,0.26790021,0.45909721,0.23984223,0.36408596,0.58917747
48015,0,USTexasAustin,Texas,Austin,2020-10-16 17:09:26.554577,2020-06-05 00:00:00.000000,0.29304088,0.60936321,0.95313597,88,183,286,38,84,145,0.12822481,0.28017503,0.48330427,0.24224254,0.37721005,0.60309330
48015,0,USTexasAustin,Texas,Austin,2020-10-16 17:09:26.554577,2020-06-06 00:00:00.000000,0.30347165,0.63562929,1.01033846,91,190,303,39,88,152,0.13136184,0.29465354,0.50709650,0.24519764,0.37997213,0.60102554
48015,0,USTexasAustin,Texas,Austin,2020-10-16 17:09:26.554577,2020-06-07 00:00:00.000000,0.32101283,0.66811590,1.06707968,96,200,320,40,92,160,0.13586037,0.30646845,0.53470659,0.24420586,0.38327014,0.60019399
48015,0,USTexasAustin,Texas,Austin,2020-10-16 17:09:26.554577,2020-06-08 00:00:00.000000,0.35177897,0.70102727,1.11264174,105,210,334,43,96,169,0.14335302,0.32068972,0.56577672,0.24678905,0.39256373,0.59952677
48015,0,USTexasAustin,Texas,Austin,2020-10-16 17:09:26.554577,2020-06-09 00:00:00.000000,0.38171374,0.73381851,1.19214121,114,220,358,46,100,178,0.15469180,0.33368996,0.59481815,0.25545471,0.39948675,0.62408422
48015,0,USTexasAustin,Texas,Austin,2020-10-16 17:09:26.554577,2020-06-10 00:00:00.000000,0.41259401,0.77022534,1.25719680,123,231,377,50,104,186,0.16882539,0.34961023,0.62248367,0.26973849,0.40307963,0.63946427
48015,0,USTexasAustin,Texas,Austin,2020-10-16 17:09:26.554577,2020-06-11 00:00:00.000000,0.44389427,0.82102393,1.30966975,133,246,393,55,109,195,0.18505251,0.36600084,0.65029658,0.29075436,0.40704151,0.64010858
48015,0,USTexasAustin,Texas,Austin,2020-10-16 17:09:26.554577,2020-06-12 00:00:00.000000,0.47530957,0.86653222,1.36408255,142,260,409,61,115,203,0.20319185,0.38469868,0.67856785,0.29619435,0.41151067,0.62841162
48015,0,USTexasAustin,Texas,Austin,2020-10-16 17:09:26.554577,2020-06-13 00:00:00.000000,0.50670177,0.91204516,1.42067589,152,273,426,66,122,212,0.22000632,0.40645764,0.70747254,0.30233297,0.41944328,0.62385110
48015,0,USTexasAustin,Texas,Austin,2020-10-16 17:09:26.554577,2020-06-14 00:00:00.000000,0.53859538,0.97163819,1.50233805,161,291,451,72,128,221,0.24188711,0.42897916,0.73719894,0.30974704,0.42965696,0.62825778
48015,0,USTexasAustin,Texas,Austin,2020-10-16 17:09:26.554577,2020-06-15 00:00:00.000000,0.55868253,1.02631998,1.56563438,167,308,470,79,137,234,0.26406938,0.45716849,0.78019584,0.31762915,0.43172730,0.62732336
48015,0,USTexasAustin,Texas,Austin,2020-10-16 17:09:26.554577,2020-06-16 00:00:00.000000,0.58235015,1.08868580,1.63392876,174,326,490,83,144,248,0.27860677,0.48092907,0.82911166,0.31401156,0.43857107,0.61626784
48015,0,USTexasAustin,Texas,Austin,2020-10-16 17:09:26.554577,2020-06-17 00:00:00.000000,0.60737136,1.15326065,1.70575312,182,346,512,88,152,264,0.29326419,0.50817269,0.88072521,0.31141233,0.44086216,0.60561707
48015,0,USTexasAustin,Texas,Austin,2020-10-16 17:09:26.554577,2020-06-18 00:00:00.000000,0.64965588,1.23447635,1.78095532,195,370,534,92,162,280,0.30866089,0.53982705,0.93449548,0.31534171,0.44729072,0.60533115
48015,0,USTexasAustin,Texas,Austin,2020-10-16 17:09:26.554577,2020-06-19 00:00:00.000000,0.69024204,1.30354444,1.85915749,207,391,558,97,172,297,0.32560579,0.57325802,0.99033779,0.32614091,0.43702848,0.61010696
48015,0,USTexasAustin,Texas,Austin,2020-10-16 17:09:26.554577,2020-06-20 00:00:00.000000,0.73978163,1.37977467,1.94008781,222,414,582,103,182,314,0.34501483,0.60784114,1.04835239,0.32641642,0.44140047,0.58570486
48015,0,USTexasAustin,Texas,Austin,2020-10-16 17:09:26.554577,2020-06-21 00:00:00.000000,0.79821798,1.46083451,2.02359617,239,438,607,111,191,332,0.37114223,0.63923906,1.10870810,0.32815822,0.44139554,0.58220867
48015,0,USTexasAustin,Texas,Austin,2020-10-16 17:09:26.554577,2020-06-22 00:00:00.000000,0.84414024,1.53890119,2.11412273,253,462,634,120,203,347,0.40060434,0.67690129,1.15870650,0.32518473,0.44289866,0.57744039
48015,0,USTexasAustin,Texas,Austin,2020-10-16 17:09:26.554577,2020-06-23 00:00:00.000000,0.89298654,1.62513634,2.22167632,268,488,667,128,215,362,0.42884068,0.71636023,1.20858507,0.33040740,0.44097356,0.57270020
48015,0,USTexasAustin,Texas,Austin,2020-10-16 17:09:26.554577,2020-06-24 00:00:00.000000,0.94401196,1.71361332,2.33545961,283,514,701,137,227,378,0.45667287,0.75590974,1.25969664,0.32469166,0.43759037,0.58596524
48015,0,USTexasAustin,Texas,Austin,2020-10-16 17:09:26.554577,2020-06-25 00:00:00.000000,0.99715352,1.81231344,2.45327290,299,544,736,145,239,394,0.48445471,0.79747381,1.31198493,0.31462158,0.43655023,0.59669099
48015,0,USTexasAustin,Texas,Austin,2020-10-16 17:09:26.554577,2020-06-26 00:00:00.000000,1.05176608,1.90403204,2.57350466,315,571,772,154,252,410,0.51292234,0.84032163,1.36526751,0.30247093,0.43513562,0.60589871
48015,0,USTexasAustin,Texas,Austin,2020-10-16 17:09:26.554577,2020-06-27 00:00:00.000000,1.10523878,1.99609285,2.69430841,331,599,809,160,266,426,0.53387461,0.88869269,1.41925194,0.30863487,0.43083904,0.60779745
48015,0,USTexasAustin,Texas,Austin,2020-10-16 17:09:26.554577,2020-06-28 00:00:00.000000,1.15512707,2.08225458,2.81412707,346,625,845,165,281,442,0.54945829,0.93628655,1.47355428,0.29876722,0.42035626,0.60810322
48015,0,USTexasAustin,Texas,Austin,2020-10-16 17:09:26.554577,2020-06-29 00:00:00.000000,1.21157974,2.17128391,2.94304851,363,652,883,168,296,458,0.56221067,0.98691561,1.52774204,0.29591470,0.41480867,0.61368765
48015,0,USTexasAustin,Texas,Austin,2020-10-16 17:09:26.554577,2020-06-30 00:00:00.000000,1.26878910,2.26770869,3.07674094,381,681,924,173,311,475,0.57778573,1.03767105,1.58168597,0.29595065,0.40152113,0.60786572
48015,0,USTexasAustin,Texas,Austin,2020-10-16 17:09:26.554577,2020-07-01 00:00:00.000000,1.32749626,2.36871111,3.21118073,398,711,964,178,324,491,0.59472910,1.08047463,1.63496388,0.29767357,0.39153170,0.60746046
48015,0,USTexasAustin,Texas,Austin,2020-10-16 17:09:26.554577,2020-07-02 00:00:00.000000,1.38757829,2.46287089,3.34641618,416,739,1004,183,339,506,0.61176468,1.12948395,1.68734271,0.30215932,0.38889619,0.60716007
48015,0,USTexasAustin,Texas,Austin,2020-10-16 17:09:26.554577,2020-07-03 00:00:00.000000,1.41313302,2.55067942,3.48077864,424,766,1045,191,354,522,0.63854848,1.18040582,1.73877133,0.30056030,0.38093906,0.60250427
48015,0,USTexasAustin,Texas,Austin,2020-10-16 17:09:26.554577,2020-07-04 00:00:00.000000,1.43715178,2.62590034,3.67570820,431,788,1103,201,367,537,0.67068161,1.22359501,1.78937137,0.29708687,0.37179043,0.59714367
48015,0,USTexasAustin,Texas,Austin,2020-10-16 17:09:26.554577,2020-07-05 00:00:00.000000,1.47028531,2.69627208,3.77345918,441,809,1133,211,381,555,0.70569841,1.27016165,1.85030784,0.28909559,0.36836032,0.56928577
48015,0,USTexasAustin,Texas,Austin,2020-10-16 17:09:26.554577,2020-07-06 00:00:00.000000,1.51034555,2.79089047,3.87251025,453,838,1162,223,389,584,0.74317485,1.29762814,1.94540123,0.28110486,0.36681457,0.53980942
48015,0,USTexasAustin,Texas,Austin,2020-10-16 17:09:26.554577,2020-07-07 00:00:00.000000,1.52723490,2.87285743,3.96734398,458,862,1191,230,402,612,0.76759395,1.33958594,2.03997618,0.27400910,0.35822538,0.53772623
48015,0,USTexasAustin,Texas,Austin,2020-10-16 17:09:26.554577,2020-07-08 00:00:00.000000,1.52681177,2.93182940,4.04977435,458,880,1216,236,416,638,0.78593514,1.38595922,2.12443022,0.26748647,0.35433664,0.53420016
48015,0,USTexasAustin,Texas,Austin,2020-10-16 17:09:26.554577,2020-07-09 00:00:00.000000,1.52625384,2.99499262,4.13774514,458,899,1242,242,426,661,0.80712358,1.41998814,2.20148595,0.25942538,0.34826569,0.52587657
48015,0,USTexasAustin,Texas,Austin,2020-10-16 17:09:26.554577,2020-07-10 00:00:00.000000,1.53921690,3.05643658,4.21468602,462,917,1265,249,440,681,0.83081927,1.46767372,2.26759171,0.25409371,0.34728657,0.51153048
48015,0,USTexasAustin,Texas,Austin,2020-10-16 17:09:26.554577,2020-07-11 00:00:00.000000,1.58099090,3.12788175,4.26782118,474,939,1281,257,452,694,0.85668986,1.50829460,2.31410417,0.23825570,0.34373454,0.49325040
48015,0,USTexasAustin,Texas,Austin,2020-10-16 17:09:26.554577,2020-07-12 00:00:00.000000,1.60987143,3.15834602,4.29314203,483,948,1289,265,466,708,0.88443082,1.55420613,2.35786406,0.23510477,0.33679354,0.49011330
48015,0,USTexasAustin,Texas,Austin,2020-10-16 17:09:26.554577,2020-07-13 00:00:00.000000,1.62323989,3.21609973,4.36447097,487,965,1310,274,477,734,0.91377945,1.58982550,2.44702956,0.23560649,0.33419615,0.49001452
48015,0,USTexasAustin,Texas,Austin,2020-10-16 17:09:26.554577,2020-07-14 00:00:00.000000,1.63538629,3.26690611,4.51070088,491,981,1354,283,479,761,0.94516089,1.59822062,2.53550140,0.23612395,0.33655057,0.48908228
48015,0,USTexasAustin,Texas,Austin,2020-10-16 17:09:26.554577,2020-07-15 00:00:00.000000,1.64599426,3.32846112,4.65896733,494,999,1399,293,493,788,0.97811311,1.64314198,2.62409559,0.24091847,0.33276023,0.48710599
48015,0,USTexasAustin,Texas,Austin,2020-10-16 17:09:26.554577,2020-07-16 00:00:00.000000,1.65562368,3.35449617,4.80961119,497,1007,1444,304,505,814,1.01231505,1.68387535,2.71332170,0.23591997,0.33118511,0.48637401
48015,0,USTexasAustin,Texas,Austin,2020-10-16 17:09:26.554577,2020-07-17 00:00:00.000000,1.67380539,3.41426970,4.93034095,502,1025,1480,307,511,841,1.02539668,1.70343684,2.80354710,0.24176622,0.33061557,0.47181881
48015,0,USTexasAustin,Texas,Austin,2020-10-16 17:09:26.554577,2020-07-18 00:00:00.000000,1.69898677,3.47805860,5.03972209,510,1044,1513,309,522,869,1.03201898,1.73973182,2.89531117,0.24199369,0.33871275,0.47202881
48015,0,USTexasAustin,Texas,Austin,2020-10-16 17:09:26.554577,2020-07-19 00:00:00.000000,1.72792382,3.55416107,5.19366384,518,1067,1559,311,531,897,1.03800410,1.77133386,2.98928017,0.24257025,0.34343072,0.46902899
48015,0,USTexasAustin,Texas,Austin,2020-10-16 17:09:26.554577,2020-07-20 00:00:00.000000,1.77263056,3.63754437,5.32312721,532,1092,1598,313,541,926,1.04358865,1.80148202,3.08553484,0.24412318,0.35168441,0.47357347
48015,0,USTexasAustin,Texas,Austin,2020-10-16 17:09:26.554577,2020-07-21 00:00:00.000000,1.83587602,3.71562015,5.43949281,551,1115,1633,317,551,956,1.05620267,1.83556450,3.18498333,0.24532871,0.35470541,0.48190848
48015,0,USTexasAustin,Texas,Austin,2020-10-16 17:09:26.554577,2020-07-22 00:00:00.000000,1.90555080,3.79292947,5.54266451,572,1139,1664,322,562,987,1.07343123,1.87271463,3.28676367,0.24863940,0.35855807,0.48849682
48015,0,USTexasAustin,Texas,Austin,2020-10-16 17:09:26.554577,2020-07-23 00:00:00.000000,1.98180962,3.84236665,5.63890610,595,1153,1693,329,574,1017,1.09574980,1.91197679,3.38745926,0.25498854,0.36307469,0.48849423
48015,0,USTexasAustin,Texas,Austin,2020-10-16 17:09:26.554577,2020-07-24 00:00:00.000000,2.06524593,3.94858322,5.73241474,620,1185,1721,338,580,1037,1.12635261,1.93335005,3.45608415,0.26088608,0.36811682,0.49402572
48015,0,USTexasAustin,Texas,Austin,2020-10-16 17:09:26.554577,2020-07-25 00:00:00.000000,2.15532660,4.05743577,5.85070646,647,1218,1757,342,588,1061,1.13935306,1.95987024,3.53380508,0.26994382,0.36895034,0.51392383
48015,0,USTexasAustin,Texas,Austin,2020-10-16 17:09:26.554577,2020-07-26 00:00:00.000000,2.25150722,4.16685203,6.02069070,676,1251,1808,342,605,1086,1.13896187,2.01567850,3.61870882,0.27812419,0.37623852,0.54423671
48015,0,USTexasAustin,Texas,Austin,2020-10-16 17:09:26.554577,2020-07-27 00:00:00.000000,2.34178091,4.27954870,6.20793009,703,1285,1864,344,625,1113,1.14703156,2.08367500,3.70880986,0.27812053,0.38383818,0.56484985
48015,0,USTexasAustin,Texas,Austin,2020-10-16 17:09:26.554577,2020-07-28 00:00:00.000000,2.39342273,4.43217745,6.39877978,718,1331,1921,351,648,1141,1.16981661,2.15800158,3.80099196,0.27807657,0.38671775,0.56672737
48015,0,USTexasAustin,Texas,Austin,2020-10-16 17:09:26.554577,2020-07-29 00:00:00.000000,2.42336005,4.56889040,6.59187032,727,1372,1979,362,668,1169,1.20644971,2.22647368,3.89470810,0.27781288,0.38873399,0.56609249
48015,0,USTexasAustin,Texas,Austin,2020-10-16 17:09:26.554577,2020-07-30 00:00:00.000000,2.48785060,4.68508494,6.78578518,747,1407,2037,376,680,1198,1.25367737,2.26486416,3.98919278,0.27709594,0.38412965,0.56365593
48015,0,USTexasAustin,Texas,Austin,2020-10-16 17:09:26.554577,2020-07-31 00:00:00.000000,2.60985733,4.78615386,6.96721282,783,1437,2092,392,701,1225,1.30850909,2.33443686,4.08188067,0.27699400,0.38733896,0.55759625
48015,0,USTexasAustin,Texas,Austin,2020-10-16 17:09:26.554577,2020-08-01 00:00:00.000000,2.70130007,4.95022012,7.10645122,811,1486,2134,408,715,1248,1.35920210,2.38257045,4.15647887,0.27677072,0.39353916,0.55310596
48015,0,USTexasAustin,Texas,Austin,2020-10-16 17:09:26.554577,2020-08-02 00:00:00.000000,2.79389767,5.07996837,7.18820276,839,1525,2158,414,732,1250,1.38040785,2.43865587,4.16553033,0.27287035,0.40013882,0.55151631
48015,0,USTexasAustin,Texas,Austin,2020-10-16 17:09:26.554577,2020-08-03 00:00:00.000000,2.89237229,5.20213304,7.17225719,868,1562,2153,421,749,1252,1.40430374,2.49710121,4.17111642,0.27276575,0.39865151,0.57744956
48015,0,USTexasAustin,Texas,Austin,2020-10-16 17:09:26.554577,2020-08-04 00:00:00.000000,2.99415894,5.33477686,7.25311069,899,1602,2178,430,772,1253,1.43404125,2.57125747,4.17264402,0.27258372,0.39089593,0.60467570
48015,0,USTexasAustin,Texas,Austin,2020-10-16 17:09:26.554577,2020-08-05 00:00:00.000000,3.09518077,5.46400190,7.38036189,929,1640,2216,440,790,1252,1.46810025,2.63306602,4.16977873,0.27133697,0.38707075,0.62393147
48015,0,USTexasAustin,Texas,Austin,2020-10-16 17:09:26.554577,2020-08-06 00:00:00.000000,3.18599967,5.57545759,7.50271015,956,1674,2253,452,808,1250,1.50531495,2.69258394,4.16324033,0.26978652,0.38495588,0.62309004
48015,0,USTexasAustin,Texas,Austin,2020-10-16 17:09:26.554577,2020-08-07 00:00:00.000000,3.25380448,5.69181127,7.61528421,977,1709,2287,463,820,1247,1.54467371,2.73295448,4.15371878,0.26283880,0.37849024,0.61801120
48015,0,USTexasAustin,Texas,Austin,2020-10-16 17:09:26.554577,2020-08-08 00:00:00.000000,3.30129788,5.76160852,7.71649253,991,1730,2317,475,836,1260,1.58456944,2.78574132,4.19676248,0.25726637,0.36683790,0.60780421
48015,0,USTexasAustin,Texas,Austin,2020-10-16 17:09:26.554577,2020-08-09 00:00:00.000000,3.33920908,5.86314695,7.78775400,1002,1760,2338,487,855,1280,1.62235523,2.84997246,4.26215609,0.25034291,0.35140179,0.58512832
48015,0,USTexasAustin,Texas,Austin,2020-10-16 17:09:26.554577,2020-08-10 00:00:00.000000,3.38807253,5.91300151,7.78596482,1017,1775,2338,497,873,1298,1.65736301,2.90728166,4.32312622,0.24719541,0.33552860,0.54947413
48015,0,USTexasAustin,Texas,Austin,2020-10-16 17:09:26.554577,2020-08-11 00:00:00.000000,3.43253404,5.92633195,7.91468607,1030,1779,2376,506,884,1315,1.68675392,2.94455702,4.37906756,0.23615208,0.32449031,0.53393105
48015,0,USTexasAustin,Texas,Austin,2020-10-16 17:09:26.554577,2020-08-12 00:00:00.000000,3.47281813,5.90778409,7.99412180,1042,1774,2400,514,894,1330,1.71239469,2.97879497,4.43016213,0.23095511,0.31280740,0.52198703
48015,0,USTexasAustin,Texas,Austin,2020-10-16 17:09:26.554577,2020-08-13 00:00:00.000000,3.50908786,5.88181789,8.03078647,1053,1766,2411,521,898,1344,1.73516470,2.99262895,4.47537219,0.21660823,0.30415899,0.49556258
48015,0,USTexasAustin,Texas,Austin,2020-10-16 17:09:26.554577,2020-08-14 00:00:00.000000,3.54005755,5.81610615,8.04921239,1063,1746,2417,526,891,1355,1.75415576,2.96943332,4.51211598,0.19830537,0.29697158,0.45198240
48015,0,USTexasAustin,Texas,Austin,2020-10-16 17:09:26.554577,2020-08-15 00:00:00.000000,3.56808242,5.76650174,8.05914270,1071,1731,2420,529,893,1362,1.76433819,2.97596194,4.53793075,0.18666115,0.28653738,0.41586036
48015,0,USTexasAustin,Texas,Austin,2020-10-16 17:09:26.554577,2020-08-16 00:00:00.000000,3.53552772,5.70544900,8.06445629,1061,1713,2421,532,887,1367,1.77260877,2.95679161,4.55243154,0.18277351,0.26938255,0.39092159
48015,0,USTexasAustin,Texas,Austin,2020-10-16 17:09:26.554577,2020-08-17 00:00:00.000000,3.47099108,5.65337990,8.06865586,1042,1697,2423,534,882,1368,1.78034130,2.93736274,4.55673858,0.18151420,0.26035560,0.37900995
48015,0,USTexasAustin,Texas,Austin,2020-10-16 17:09:26.554577,2020-08-18 00:00:00.000000,3.40214333,5.59961923,8.04253519,1021,1681,2415,534,872,1353,1.77992521,2.90603223,4.50844321,0.18018474,0.25683281,0.37291061
48015,0,USTexasAustin,Texas,Austin,2020-10-16 17:09:26.554577,2020-08-19 00:00:00.000000,3.33200272,5.50495786,7.96158702,1000,1653,2391,532,864,1332,1.77375226,2.87931844,4.43541456,0.17283042,0.24963166,0.36987623
48015,0,USTexasAustin,Texas,Austin,2020-10-16 17:09:26.554577,2020-08-20 00:00:00.000000,3.26629375,5.42572445,7.84757684,980,1629,2356,529,859,1330,1.76367379,2.86290433,4.42892545,0.16969722,0.24317936,0.36765806
48015,0,USTexasAustin,Texas,Austin,2020-10-16 17:09:26.554577,2020-08-21 00:00:00.000000,3.21363300,5.32734614,7.72912695,965,1599,2321,525,856,1324,1.75091060,2.85058543,4.40937814,0.16266057,0.23495900,0.35842933
48015,0,USTexasAustin,Texas,Austin,2020-10-16 17:09:26.554577,2020-08-22 00:00:00.000000,3.17652349,5.21570690,7.60767226,953,1566,2284,521,841,1314,1.73613497,2.80213607,4.37775582,0.16215904,0.22643188,0.33833660
48015,0,USTexasAustin,Texas,Austin,2020-10-16 17:09:26.554577,2020-08-23 00:00:00.000000,3.14687506,5.07090359,7.48314833,945,1522,2247,516,829,1302,1.71974451,2.76232181,4.33682861,0.16202650,0.22354043,0.32766679
48015,0,USTexasAustin,Texas,Austin,2020-10-16 17:09:26.554577,2020-08-24 00:00:00.000000,3.12100033,4.91777278,7.35407693,937,1476,2208,511,816,1287,1.70212381,2.71919747,4.28865127,0.15839495,0.21875393,0.32719183
48015,0,USTexasAustin,Texas,Austin,2020-10-16 17:09:26.554577,2020-08-25 00:00:00.000000,3.09077263,4.77427027,7.21901508,928,1433,2168,505,794,1271,1.68204794,2.64482333,4.23447088,0.15210304,0.21445457,0.32698169
48015,0,USTexasAustin,Texas,Austin,2020-10-16 17:09:26.554577,2020-08-26 00:00:00.000000,3.04105953,4.66193521,7.07303326,913,1400,2124,494,782,1253,1.64719883,2.60514470,4.17496958,0.14449849,0.21353107,0.32649721
48015,0,USTexasAustin,Texas,Austin,2020-10-16 17:09:26.554577,2020-08-27 00:00:00.000000,2.95239050,4.49641686,6.90925343,886,1350,2074,480,767,1234,1.59964799,2.55551762,4.10990038,0.14158545,0.21285663,0.32557170
48015,0,USTexasAustin,Texas,Austin,2020-10-16 17:09:26.554577,2020-08-28 00:00:00.000000,2.86581028,4.36068818,6.72673124,860,1309,2020,466,750,1212,1.55312603,2.50003969,4.03819270,0.14203085,0.20856189,0.31773997
48015,0,USTexasAustin,Texas,Austin,2020-10-16 17:09:26.554577,2020-08-29 00:00:00.000000,2.78134713,4.25817880,6.53068329,835,1278,1961,452,737,1188,1.50802245,2.45562523,3.95884618,0.13916021,0.20510417,0.31771340
48015,0,USTexasAustin,Texas,Austin,2020-10-16 17:09:26.554577,2020-08-30 00:00:00.000000,2.68150584,4.11779719,6.32792845,805,1236,1900,439,717,1162,1.46469678,2.38762849,3.87187451,0.13292639,0.20416572,0.31781489
48015,0,USTexasAustin,Texas,Austin,2020-10-16 17:09:26.554577,2020-08-31 00:00:00.000000,2.57475916,3.97923190,6.12177727,773,1195,1838,426,691,1134,1.41917097,2.30301456,3.77828760,0.12922816,0.20272385,0.31789844
48015,0,USTexasAustin,Texas,Austin,2020-10-16 17:09:26.554577,2020-09-01 00:00:00.000000,2.47168099,3.82922134,5.93189839,742,1149,1781,413,667,1104,1.37615485,2.22129974,3.67932290,0.12647566,0.19998513,0.31469006
48015,0,USTexasAustin,Texas,Austin,2020-10-16 17:09:26.554577,2020-09-02 00:00:00.000000,2.37253284,3.67979987,5.75926845,712,1105,1729,401,639,1074,1.33584072,2.13090962,3.57635706,0.12767186,0.19871522,0.30988135
48015,0,USTexasAustin,Texas,Austin,2020-10-16 17:09:26.554577,2020-09-03 00:00:00.000000,2.27950273,3.54188034,5.58288278,684,1063,1676,387,612,1042,1.28991872,2.04054296,3.47049878,0.12375921,0.19881708,0.30410970
48015,0,USTexasAustin,Texas,Austin,2020-10-16 17:09:26.554577,2020-09-04 00:00:00.000000,2.19494597,3.43118614,5.40219232,659,1030,1622,373,593,1009,1.24458550,1.97477807,3.36259794,0.11902304,0.19404241,0.29783154
48015,0,USTexasAustin,Texas,Austin,2020-10-16 17:09:26.554577,2020-09-05 00:00:00.000000,2.11521884,3.33278977,5.21722083,635,1000,1566,356,573,977,1.18802384,1.91054761,3.25335083,0.11476227,0.19164611,0.29515178
48015,0,USTexasAustin,Texas,Austin,2020-10-16 17:09:26.554577,2020-09-06 00:00:00.000000,2.03740198,3.23559095,5.04497369,611,971,1515,339,551,944,1.13147834,1.83510844,3.14341055,0.11187874,0.18420556,0.30565711
48015,0,USTexasAustin,Texas,Austin,2020-10-16 17:09:26.554577,2020-09-07 00:00:00.000000,1.98293521,3.12409202,4.92086330,595,938,1477,323,529,911,1.07709727,1.76302412,3.03343743,0.11032916,0.18182821,0.30422661
48015,0,USTexasAustin,Texas,Austin,2020-10-16 17:09:26.554577,2020-09-08 00:00:00.000000,1.93388991,3.02844162,4.77850526,580,909,1435,308,509,878,1.02611470,1.69538050,2.92621298,0.10939421,0.17968374,0.30011632
48015,0,USTexasAustin,Texas,Austin,2020-10-16 17:09:26.554577,2020-09-09 00:00:00.000000,1.86499580,2.90873109,4.61018596,560,873,1384,293,489,847,0.97814037,1.62998668,2.82181911,0.10891575,0.17472964,0.29857286
48015,0,USTexasAustin,Texas,Austin,2020-10-16 17:09:26.554577,2020-09-10 00:00:00.000000,1.75768208,2.79612017,4.44532586,527,839,1335,280,474,825,0.93287886,1.58017564,2.74866367,0.10877532,0.17096906,0.29808765
48015,0,USTexasAustin,Texas,Austin,2020-10-16 17:09:26.554577,2020-09-11 00:00:00.000000,1.65670453,2.68681191,4.28321569,497,806,1286,267,457,806,0.89009596,1.52309446,2.68398992,0.10834415,0.16809480,0.29696421
48015,0,USTexasAustin,Texas,Austin,2020-10-16 17:09:26.554577,2020-09-12 00:00:00.000000,1.56175202,2.57236556,4.12329948,469,772,1238,255,442,786,0.84962957,1.47221397,2.61954864,0.10444678,0.16230349,0.30342534
48015,0,USTexasAustin,Texas,Austin,2020-10-16 17:09:26.554577,2020-09-13 00:00:00.000000,1.48034084,2.47826287,3.96529159,444,744,1190,243,427,767,0.81157416,1.42183170,2.55540803,0.10101748,0.15975403,0.30866908
48015,0,USTexasAustin,Texas,Austin,2020-10-16 17:09:26.554577,2020-09-14 00:00:00.000000,1.39799273,2.37357262,3.80481247,419,712,1142,232,411,748,0.77576978,1.36912822,2.49134168,0.09840569,0.15081921,0.31009828
48015,0,USTexasAustin,Texas,Austin,2020-10-16 17:09:26.554577,2020-09-15 00:00:00.000000,1.31918302,2.27654458,3.64691385,396,683,1095,226,393,729,0.75508509,1.31008505,2.42784945,0.09675252,0.14797734,0.30997909
48015,0,USTexasAustin,Texas,Austin,2020-10-16 17:09:26.554577,2020-09-16 00:00:00.000000,1.24380263,2.18706317,3.49233203,373,656,1048,214,378,706,0.71579987,1.26023938,2.35405419,0.09154615,0.14421247,0.30308776
48015,0,USTexasAustin,Texas,Austin,2020-10-16 17:09:26.554577,2020-09-17 00:00:00.000000,1.17118407,2.09245803,3.34175395,351,628,1003,205,363,679,0.68271835,1.21028778,2.26311197,0.08369122,0.14232219,0.29322809
48015,0,USTexasAustin,Texas,Austin,2020-10-16 17:09:26.554577,2020-09-18 00:00:00.000000,1.08873743,2.00589540,3.19573133,326,602,959,196,346,652,0.65492196,1.15323595,2.17363014,0.07746376,0.13957619,0.28998468
48015,0,USTexasAustin,Texas,Austin,2020-10-16 17:09:26.554577,2020-09-19 00:00:00.000000,1.03455684,1.92238245,3.05462638,310,577,917,188,331,626,0.62791686,1.10393834,2.08584894,0.07344444,0.13773299,0.28864120
48015,0,USTexasAustin,Texas,Austin,2020-10-16 17:09:26.554577,2020-09-20 00:00:00.000000,0.97783873,1.82777514,2.91850366,293,548,876,178,317,600,0.59535714,1.05776144,1.99999883,0.07136039,0.13743732,0.28503065
48015,0,USTexasAustin,Texas,Austin,2020-10-16 17:09:26.554577,2020-09-21 00:00:00.000000,0.92258015,1.73350074,2.78723411,277,520,837,168,304,575,0.56098625,1.01301606,1.91626494,0.07040765,0.13430320,0.27325704
48015,0,USTexasAustin,Texas,Austin,2020-10-16 17:09:26.554577,2020-09-22 00:00:00.000000,0.87065265,1.62894746,2.65753276,261,489,798,158,288,551,0.52883184,0.96145650,1.83480277,0.07003947,0.13192260,0.25535325
48015,0,USTexasAustin,Texas,Austin,2020-10-16 17:09:26.554577,2020-09-23 00:00:00.000000,0.82196917,1.53797157,2.52996336,246,461,759,149,275,527,0.49919324,0.91616520,1.75527131,0.06989106,0.13043413,0.24325672
48015,0,USTexasAustin,Texas,Austin,2020-10-16 17:09:26.554577,2020-09-24 00:00:00.000000,0.77630885,1.45816373,2.40694754,233,437,722,141,264,503,0.47218527,0.88125757,1.67748214,0.06976327,0.13046606,0.23786355
48015,0,USTexasAustin,Texas,Austin,2020-10-16 17:09:26.554577,2020-09-25 00:00:00.000000,0.73331742,1.39244348,2.28912522,220,418,687,134,254,481,0.44657045,0.84696745,1.60164734,0.06950001,0.12807692,0.23483303
48015,0,USTexasAustin,Texas,Austin,2020-10-16 17:09:26.554577,2020-09-26 00:00:00.000000,0.69231888,1.32843911,2.19254168,207,398,658,126,242,458,0.42249986,0.80743912,1.52804246,0.06366693,0.12693913,0.22867591
48015,0,USTexasAustin,Texas,Austin,2020-10-16 17:09:26.554577,2020-09-27 00:00:00.000000,0.64360826,1.27218075,2.10429430,193,382,631,120,230,437,0.39994760,0.76854284,1.45691800,0.05910602,0.12479625,0.22600614
48015,0,USTexasAustin,Texas,Austin,2020-10-16 17:09:26.554577,2020-09-28 00:00:00.000000,0.60429128,1.20922451,2.02119065,181,363,607,113,220,416,0.37882341,0.73422234,1.38849477,0.06103080,0.12520370,0.22545857
48015,0,USTexasAustin,Texas,Austin,2020-10-16 17:09:26.554577,2020-09-29 00:00:00.000000,0.57011646,1.14618922,1.95121574,171,344,585,107,210,397,0.35830119,0.70105636,1.32334654,0.06322851,0.12430159,0.22515225
48015,0,USTexasAustin,Texas,Austin,2020-10-16 17:09:26.554577,2020-09-30 00:00:00.000000,0.53818179,1.07985134,1.90819407,161,324,573,101,199,378,0.33855495,0.66270685,1.26150066,0.06480774,0.12247251,0.22463360
48015,0,USTexasAustin,Texas,Austin,2020-10-16 17:09:26.554577,2020-10-01 00:00:00.000000,0.50809214,1.01389128,1.87158705,152,304,562,96,188,361,0.31966687,0.62633457,1.20292259,0.06520877,0.12233782,0.22296615
48015,0,USTexasAustin,Texas,Austin,2020-10-16 17:09:26.554577,2020-10-02 00:00:00.000000,0.47989491,0.96243629,1.84457957,144,289,553,91,178,344,0.30348345,0.59475061,1.14749728,0.06557241,0.12151175,0.21945129
48015,0,USTexasAustin,Texas,Austin,2020-10-16 17:09:26.554577,2020-10-03 00:00:00.000000,0.45282742,0.90983200,1.82781669,135,273,548,85,169,328,0.28430668,0.56477248,1.09505787,0.06384938,0.11995568,0.22069202
48015,0,USTexasAustin,Texas,Austin,2020-10-16 17:09:26.554577,2020-10-04 00:00:00.000000,0.42331195,0.85656788,1.74343872,127,257,523,80,162,313,0.26774946,0.54102718,1.04542405,0.06076536,0.11679989,0.21908362
48015,0,USTexasAustin,Texas,Austin,2020-10-16 17:09:26.554577,2020-10-05 00:00:00.000000,0.39753745,0.81171546,1.65357892,119,243,496,75,155,299,0.25200242,0.51889922,0.99842169,0.05952511,0.11768181,0.22441189
48015,0,USTexasAustin,Texas,Austin,2020-10-16 17:09:26.554577,2020-10-06 00:00:00.000000,0.37570519,0.76248454,1.56764458,112,228,470,71,144,292,0.23772779,0.48077058,0.97422633,0.06114603,0.11762471,0.22737066
48015,0,USTexasAustin,Texas,Austin,2020-10-16 17:09:26.554577,2020-10-07 00:00:00.000000,0.35869470,0.72509420,1.48573387,107,217,446,67,134,289,0.22466224,0.44829229,0.96431698,0.06000142,0.11552566,0.22762611
48015,0,USTexasAustin,Texas,Austin,2020-10-16 17:09:26.554577,2020-10-08 00:00:00.000000,0.33249534,0.69461523,1.41135575,99,208,423,63,126,286,0.21259170,0.42096876,0.95520189,0.05854434,0.11808947,0.22774404
48015,0,USTexasAustin,Texas,Austin,2020-10-16 17:09:26.554577,2020-10-09 00:00:00.000000,0.31361153,0.65816632,1.38120010,94,197,414,60,119,272,0.20133606,0.39950102,0.90690047,0.05694382,0.12279321,0.22779571
48015,0,USTexasAustin,Texas,Austin,2020-10-16 17:09:26.554577,2020-10-10 00:00:00.000000,0.29664211,0.61946769,1.35234983,89,186,406,57,114,258,0.19076059,0.38001677,0.86068870,0.05453365,0.12272532,0.22784062
48015,0,USTexasAustin,Texas,Austin,2020-10-16 17:09:26.554577,2020-10-11 00:00:00.000000,0.27625080,0.58273868,1.32683741,82,175,398,53,107,245,0.17779066,0.35680060,0.81660739,0.05359288,0.12210716,0.22850537
48015,0,USTexasAustin,Texas,Austin,2020-10-16 17:09:26.554577,2020-10-12 00:00:00.000000,0.25303304,0.54387992,1.29465936,75,163,388,49,100,236,0.16495752,0.33521438,0.78780395,0.05304622,0.12214090,0.23343421
48015,0,USTexasAustin,Texas,Austin,2020-10-16 17:09:26.554577,2020-10-13 00:00:00.000000,0.23149771,0.50707655,1.26537980,69,152,380,45,94,231,0.15263030,0.31626252,0.77077833,0.05276459,0.12297591,0.25723163
48015,0,USTexasAustin,Texas,Austin,2020-10-16 17:09:26.554577,2020-10-14 00:00:00.000000,0.21150933,0.47228289,1.23671144,63,141,371,42,89,226,0.14154048,0.29754226,0.75429682,0.05262850,0.12321117,0.28185367
48015,0,USTexasAustin,Texas,Austin,2020-10-16 17:09:26.554577,2020-10-15 00:00:00.000000,0.19303164,0.44008020,1.20863952,57,132,362,39,84,221,0.13180736,0.27987347,0.73832076,0.05256478,0.12327108,0.28399280
48015,0,USTexasAustin,Texas,Austin,2020-10-16 17:09:26.554577,2020-10-16 00:00:00.000000,0.17492549,0.41597340,1.18115163,52,124,354,35,79,217,0.11943803,0.26430703,0.72280715,0.05253539,0.12328593,0.28410996
48015,0,USTexasAustin,Texas,Austin,2020-10-16 17:09:26.554577,2020-10-17 00:00:00.000000,0.15873911,0.38753154,1.15423650,47,116,346,32,74,212,0.10971703,0.24799815,0.70721517,0.05252192,0.12328958,0.28411621
48015,0,USTexasAustin,Texas,Austin,2020-10-16 17:09:26.554577,2020-10-18 00:00:00.000000,0.14535367,0.36005725,1.12788350,43,108,338,30,69,207,0.10069765,0.23217947,0.69110087,0.05251577,0.12329048,0.28411656
48015,0,USTexasAustin,Texas,Austin,2020-10-16 17:09:26.554577,2020-10-19 00:00:00.000000,0.13270054,0.33738186,1.10208250,39,101,330,27,65,202,0.09235330,0.21644601,0.67532939,0.05251296,0.12329070,0.28411659
48015,0,USTexasAustin,Texas,Austin,2020-10-16 17:09:26.554577,2020-10-20 00:00:00.000000,0.12064988,0.31478164,1.07682370,36,94,323,25,60,198,0.08465111,0.20244071,0.65989256,0.05251168,0.12329076,0.28411660
48015,0,USTexasAustin,Texas,Austin,2020-10-16 17:09:26.554577,2020-10-21 00:00:00.000000,0.10965470,0.29135578,1.05209757,32,87,315,23,56,193,0.07755468,0.18922558,0.64478300,0.05251109,0.12329077,0.28411660
48015,0,USTexasAustin,Texas,Austin,2020-10-16 17:09:26.554577,2020-10-22 00:00:00.000000,0.09963224,0.26959567,1.02789474,29,80,308,21,53,189,0.07102595,0.17729241,0.62999391,0.05251083,0.12329077,0.28411661
48015,0,USTexasAustin,Texas,Austin,2020-10-16 17:09:26.554577,2020-10-23 00:00:00.000000,0.09050374,0.24940012,1.00420605,27,74,301,19,49,184,0.06502662,0.16632022,0.61551893,0.05251071,0.12329077,0.28411661
48015,0,USTexasAustin,Texas,Austin,2020-10-16 17:09:26.554577,2020-10-24 00:00:00.000000,0.08219493,0.23070790,0.98102243,24,69,294,17,46,180,0.05951901,0.15528511,0.60135199,0.05251065,0.12329077,0.28411661
48015,0,USTexasAustin,Texas,Austin,2020-10-16 17:09:26.554577,2020-10-25 00:00:00.000000,0.07463634,0.21518383,0.95833493,22,64,287,16,43,176,0.05446673,0.14453259,0.58748727,0.05251063,0.12329077,0.28411661
48015,0,USTexasAustin,Texas,Austin,2020-10-16 17:09:26.554577,2020-10-26 00:00:00.000000,0.06776333,0.20089361,0.93613472,20,60,281,14,40,172,0.04983502,0.13637634,0.57391913,0.05251061,0.12329077,0.28411661
48015,0,USTexasAustin,Texas,Austin,2020-10-16 17:09:26.554577,2020-10-27 00:00:00.000000,0.06151607,0.19006302,0.91441305,18,57,274,13,38,168,0.04559104,0.12869305,0.56064208,0.05251061,0.12329077,0.28411661
48015,0,USTexasAustin,Texas,Austin,2020-10-16 17:09:26.554577,2020-10-28 00:00:00.000000,0.05585724,0.17982209,0.89316127,16,54,268,12,36,164,0.04170391,0.12068367,0.54765075,0.05251061,0.12329077,0.28411661
48015,0,USTexasAustin,Texas,Austin,2020-10-16 17:09:26.554577,2020-10-29 00:00:00.000000,0.05071744,0.17013888,0.87237079,15,51,261,11,33,160,0.03792094,0.11316923,0.53493986,0.05251061,0.12329077,0.28411661
48015,0,USTexasAustin,Texas,Austin,2020-10-20 21:39:14.579063,2020-03-09 00:00:00.000000,0.00111787,0.01175896,0.03539291,0,3,10,0,2,6,0.00064597,0.00695806,0.02010008,0.40701721,0.51561145,0.71623270
48015,0,USTexasAustin,Texas,Austin,2020-10-20 21:39:14.579063,2020-03-10 00:00:00.000000,0.00133981,0.01309758,0.03873023,0,3,11,0,2,5,0.00066699,0.00673864,0.01931620,0.40700130,0.51561054,0.71623023
48015,0,USTexasAustin,Texas,Austin,2020-10-20 21:39:14.579063,2020-03-11 00:00:00.000000,0.00156078,0.01433167,0.04200097,0,4,12,0,2,5,0.00072297,0.00684583,0.01910158,0.40697827,0.51560884,0.71622308
48015,0,USTexasAustin,Texas,Austin,2020-10-20 21:39:14.579063,2020-03-12 00:00:00.000000,0.00178892,0.01569802,0.04443760,0,4,13,0,2,5,0.00079799,0.00708755,0.01922806,0.40694499,0.51560557,0.71620205
48015,0,USTexasAustin,Texas,Austin,2020-10-20 21:39:14.579063,2020-03-13 00:00:00.000000,0.00203026,0.01716440,0.04665033,0,5,14,0,2,6,0.00088394,0.00780708,0.02074676,0.40689700,0.51559907,0.71613966
48015,0,USTexasAustin,Texas,Austin,2020-10-20 21:39:14.579063,2020-03-14 00:00:00.000000,0.00228967,0.01875622,0.04893585,0,5,14,0,2,6,0.00097683,0.00852150,0.02268514,0.39709240,0.51558580,0.71595344
48015,0,USTexasAustin,Texas,Austin,2020-10-20 21:39:14.579063,2020-03-15 00:00:00.000000,0.00257140,0.02076189,0.05122188,0,6,15,0,2,7,0.00107492,0.00905063,0.02430841,0.39430939,0.51555768,0.71539608
48015,0,USTexasAustin,Texas,Austin,2020-10-20 21:39:14.579063,2020-03-16 00:00:00.000000,0.00670593,0.02591814,0.05868613,2,7,17,0,2,7,0.00117763,0.00960114,0.02545321,0.37153554,0.50909061,0.71373059
48015,0,USTexasAustin,Texas,Austin,2020-10-20 21:39:14.579063,2020-03-17 00:00:00.000000,0.00936648,0.03144443,0.06535569,2,9,19,0,3,8,0.00206623,0.01096455,0.02736797,0.37056346,0.49724920,0.70880854
48015,0,USTexasAustin,Texas,Austin,2020-10-20 21:39:14.579063,2020-03-18 00:00:00.000000,0.01218246,0.03772950,0.07190290,3,11,21,0,3,8,0.00320250,0.01304892,0.02971695,0.35583313,0.49158573,0.69664043
48015,0,USTexasAustin,Texas,Austin,2020-10-20 21:39:14.579063,2020-03-19 00:00:00.000000,0.01498160,0.04508719,0.08126847,4,13,24,1,4,9,0.00438144,0.01586025,0.03230531,0.31597615,0.47865154,0.67721204
48015,0,USTexasAustin,Texas,Austin,2020-10-20 21:39:14.579063,2020-03-20 00:00:00.000000,0.01779365,0.05205166,0.08966441,5,15,26,1,5,10,0.00555471,0.01898677,0.03631202,0.29089169,0.45471178,0.65915405
48015,0,USTexasAustin,Texas,Austin,2020-10-20 21:39:14.579063,2020-03-21 00:00:00.000000,0.02068325,0.05830163,0.10443467,6,17,31,2,6,11,0.00684631,0.02248965,0.03922208,0.28017738,0.42915194,0.62269652
48015,0,USTexasAustin,Texas,Austin,2020-10-20 21:39:14.579063,2020-03-22 00:00:00.000000,0.02363598,0.06597537,0.11495434,7,19,34,2,7,13,0.00822917,0.02573173,0.04432413,0.27196720,0.40951480,0.57860912
48015,0,USTexasAustin,Texas,Austin,2020-10-20 21:39:14.579063,2020-03-23 00:00:00.000000,0.03425890,0.07236983,0.12304363,10,21,36,2,8,14,0.00968556,0.02861830,0.04993092,0.26097081,0.38833576,0.56704694
48015,0,USTexasAustin,Texas,Austin,2020-10-20 21:39:14.579063,2020-03-24 00:00:00.000000,0.04141291,0.07861618,0.13272636,12,23,39,3,9,16,0.01320827,0.03213355,0.05615444,0.24808715,0.37398745,0.54505518
48015,0,USTexasAustin,Texas,Austin,2020-10-20 21:39:14.579063,2020-03-25 00:00:00.000000,0.04528061,0.08819231,0.14409341,13,26,43,4,10,18,0.01613680,0.03588395,0.06239579,0.23403555,0.36067149,0.53494636
48015,0,USTexasAustin,Texas,Austin,2020-10-20 21:39:14.579063,2020-03-26 00:00:00.000000,0.04936913,0.09549356,0.15240790,14,28,45,5,11,20,0.01972508,0.03979323,0.06804156,0.22045964,0.35385757,0.51575674
48015,0,USTexasAustin,Texas,Austin,2020-10-20 21:39:14.579063,2020-03-27 00:00:00.000000,0.05351736,0.10419143,0.16259675,16,31,48,7,12,21,0.02339613,0.04317060,0.07317355,0.21238163,0.33863412,0.49655179
48015,0,USTexasAustin,Texas,Austin,2020-10-20 21:39:14.579063,2020-03-28 00:00:00.000000,0.05770320,0.11315404,0.17427302,17,33,52,7,13,23,0.02619467,0.04617477,0.07958403,0.20341174,0.32630506,0.45723615
48015,0,USTexasAustin,Texas,Austin,2020-10-20 21:39:14.579063,2020-03-29 00:00:00.000000,0.06192245,0.12094298,0.18476125,18,36,55,8,15,25,0.02864802,0.05074798,0.08646033,0.20068185,0.30366285,0.43892274
48015,0,USTexasAustin,Texas,Austin,2020-10-20 21:39:14.579063,2020-03-30 00:00:00.000000,0.07137710,0.13095881,0.19584293,21,39,58,9,16,27,0.03089699,0.05493338,0.09291456,0.19928834,0.29152173,0.42374697
48015,0,USTexasAustin,Texas,Austin,2020-10-20 21:39:14.579063,2020-03-31 00:00:00.000000,0.07354935,0.13824091,0.20598538,22,41,61,9,17,30,0.03305737,0.05929118,0.10016453,0.19555345,0.27907554,0.41329894
48015,0,USTexasAustin,Texas,Austin,2020-10-20 21:39:14.579063,2020-04-01 00:00:00.000000,0.07561176,0.14798454,0.21606733,22,44,64,10,19,31,0.03572899,0.06356171,0.10645481,0.18996023,0.26678214,0.41097793
48015,0,USTexasAustin,Texas,Austin,2020-10-20 21:39:14.579063,2020-04-02 00:00:00.000000,0.07856990,0.15446083,0.22732328,23,46,68,11,20,33,0.03848172,0.06773229,0.11211829,0.18537498,0.25912583,0.40938745
48015,0,USTexasAustin,Texas,Austin,2020-10-20 21:39:14.579063,2020-04-03 00:00:00.000000,0.08306832,0.16085877,0.25349155,24,48,76,11,21,35,0.03993843,0.07103925,0.11771169,0.18136257,0.25472593,0.40629961
48015,0,USTexasAustin,Texas,Austin,2020-10-20 21:39:14.579063,2020-04-04 00:00:00.000000,0.08726214,0.16728442,0.26966517,26,50,80,12,22,36,0.04132711,0.07603416,0.12319854,0.17849097,0.24819217,0.39784283
48015,0,USTexasAustin,Texas,Austin,2020-10-20 21:39:14.579063,2020-04-05 00:00:00.000000,0.09106219,0.17497457,0.27889242,27,52,83,12,24,38,0.04261867,0.08098119,0.12864239,0.17215568,0.24153173,0.38082156
48015,0,USTexasAustin,Texas,Austin,2020-10-20 21:39:14.579063,2020-04-06 00:00:00.000000,0.09673395,0.17782840,0.28397633,29,53,85,13,25,41,0.04380668,0.08487324,0.13763855,0.15952773,0.23015718,0.36467574
48015,0,USTexasAustin,Texas,Austin,2020-10-20 21:39:14.579063,2020-04-07 00:00:00.000000,0.10218342,0.18149241,0.29589965,30,54,88,13,26,43,0.04477146,0.08741094,0.14478035,0.15202770,0.22693263,0.33337918
48015,0,USTexasAustin,Texas,Austin,2020-10-20 21:39:14.579063,2020-04-08 00:00:00.000000,0.10427326,0.18680449,0.29525282,31,56,88,13,27,45,0.04556595,0.09019165,0.15185098,0.15117961,0.22476083,0.32841184
48015,0,USTexasAustin,Texas,Austin,2020-10-20 21:39:14.579063,2020-04-09 00:00:00.000000,0.10789897,0.19041980,0.29896605,32,57,89,13,28,47,0.04623194,0.09382938,0.15808483,0.15315340,0.21569814,0.32920536
48015,0,USTexasAustin,Texas,Austin,2020-10-20 21:39:14.579063,2020-04-10 00:00:00.000000,0.10845510,0.19401492,0.30361827,32,58,91,14,28,48,0.04808390,0.09599089,0.16273907,0.15159333,0.20964367,0.32773763
48015,0,USTexasAustin,Texas,Austin,2020-10-20 21:39:14.579063,2020-04-11 00:00:00.000000,0.11037988,0.19590000,0.30974008,33,58,93,15,29,50,0.05199837,0.09843022,0.16970431,0.14874722,0.20694255,0.32146817
48015,0,USTexasAustin,Texas,Austin,2020-10-20 21:39:14.579063,2020-04-12 00:00:00.000000,0.11228901,0.19688748,0.31227730,33,59,93,15,30,51,0.05192694,0.10089941,0.17262358,0.14354804,0.20273544,0.30302908
48015,0,USTexasAustin,Texas,Austin,2020-10-20 21:39:14.579063,2020-04-13 00:00:00.000000,0.11746966,0.19696113,0.32174037,35,59,96,15,31,52,0.05159032,0.10442360,0.17512083,0.14063220,0.19822653,0.29411078
48015,0,USTexasAustin,Texas,Austin,2020-10-20 21:39:14.579063,2020-04-14 00:00:00.000000,0.12265418,0.19843299,0.33075029,36,59,99,16,32,53,0.05506347,0.10721684,0.17678717,0.13748317,0.19672130,0.29442688
48015,0,USTexasAustin,Texas,Austin,2020-10-20 21:39:14.579063,2020-04-15 00:00:00.000000,0.12791970,0.20199554,0.34102595,38,60,102,17,32,54,0.05676360,0.10899342,0.18193260,0.12725240,0.19503500,0.29347521
48015,0,USTexasAustin,Texas,Austin,2020-10-20 21:39:14.579063,2020-04-16 00:00:00.000000,0.12532878,0.20723969,0.35672010,37,62,107,17,32,56,0.05796053,0.10911442,0.18905871,0.11658693,0.19196483,0.28987957
48015,0,USTexasAustin,Texas,Austin,2020-10-20 21:39:14.579063,2020-04-17 00:00:00.000000,0.13069170,0.20943528,0.36743653,39,62,110,17,32,59,0.05932086,0.10795557,0.19697597,0.11415695,0.18865149,0.27263783
48015,0,USTexasAustin,Texas,Austin,2020-10-20 21:39:14.579063,2020-04-18 00:00:00.000000,0.13610351,0.21045375,0.38554627,40,63,115,18,32,61,0.06077645,0.10805234,0.20546309,0.11382479,0.18796070,0.26009212
48015,0,USTexasAustin,Texas,Austin,2020-10-20 21:39:14.579063,2020-04-19 00:00:00.000000,0.13832168,0.21209181,0.40351129,41,63,121,18,32,64,0.06096919,0.10982188,0.21435626,0.11375513,0.18669674,0.26303657
48015,0,USTexasAustin,Texas,Austin,2020-10-20 21:39:14.579063,2020-04-20 00:00:00.000000,0.13803275,0.21806968,0.40987404,41,65,123,19,33,67,0.06334142,0.11076406,0.22352100,0.11371547,0.18546104,0.25866635
48015,0,USTexasAustin,Texas,Austin,2020-10-20 21:39:14.579063,2020-04-21 00:00:00.000000,0.13810629,0.21521107,0.41281178,41,64,123,19,34,69,0.06449129,0.11457149,0.23001684,0.11191122,0.18618091,0.25328198
48015,0,USTexasAustin,Texas,Austin,2020-10-20 21:39:14.579063,2020-04-22 00:00:00.000000,0.13441227,0.21630977,0.41520193,40,64,124,19,35,70,0.06488191,0.11655822,0.23535752,0.10737068,0.18109149,0.25424210
48015,0,USTexasAustin,Texas,Austin,2020-10-20 21:39:14.579063,2020-04-23 00:00:00.000000,0.13886292,0.21463338,0.41730353,41,64,125,19,34,72,0.06510538,0.11634845,0.24011121,0.10698851,0.17973627,0.25539240
48015,0,USTexasAustin,Texas,Austin,2020-10-20 21:39:14.579063,2020-04-24 00:00:00.000000,0.13936573,0.21358305,0.41910522,41,64,125,19,35,72,0.06519545,0.11721627,0.24183716,0.10824875,0.17837341,0.25504937
48015,0,USTexasAustin,Texas,Austin,2020-10-20 21:39:14.579063,2020-04-25 00:00:00.000000,0.14002097,0.21625654,0.42060508,42,64,126,19,34,73,0.06533352,0.11629344,0.24599798,0.10700966,0.18010987,0.25430638
48015,0,USTexasAustin,Texas,Austin,2020-10-20 21:39:14.579063,2020-04-26 00:00:00.000000,0.13788267,0.21777387,0.42184702,41,65,126,19,34,74,0.06560752,0.11485976,0.24675353,0.10193552,0.18099695,0.25629275
48015,0,USTexasAustin,Texas,Austin,2020-10-20 21:39:14.579063,2020-04-27 00:00:00.000000,0.13529439,0.22291063,0.42264380,40,66,126,19,34,73,0.06607050,0.11379909,0.24631202,0.09912016,0.17892386,0.25659642
48015,0,USTexasAustin,Texas,Austin,2020-10-20 21:39:14.579063,2020-04-28 00:00:00.000000,0.13365244,0.22525300,0.42319493,40,67,127,20,34,73,0.06721767,0.11360738,0.24635325,0.10044814,0.18097406,0.25680233
48015,0,USTexasAustin,Texas,Austin,2020-10-20 21:39:14.579063,2020-04-29 00:00:00.000000,0.13353512,0.22821525,0.42327085,40,68,127,20,34,73,0.06880288,0.11535423,0.24541680,0.10169283,0.18882999,0.25229573
48015,0,USTexasAustin,Texas,Austin,2020-10-20 21:39:14.579063,2020-04-30 00:00:00.000000,0.13475838,0.22987841,0.42242085,40,69,126,21,35,73,0.07062418,0.11742349,0.24379941,0.10514513,0.18848018,0.25518908
48015,0,USTexasAustin,Texas,Austin,2020-10-20 21:39:14.579063,2020-05-01 00:00:00.000000,0.14221977,0.23421422,0.41883478,42,70,125,21,35,72,0.07049026,0.11846692,0.24173234,0.10928995,0.18776191,0.26146723
48015,0,USTexasAustin,Texas,Austin,2020-10-20 21:39:14.579063,2020-05-02 00:00:00.000000,0.13976223,0.24223365,0.41803784,41,72,125,20,36,71,0.06938738,0.12029151,0.23936988,0.11418181,0.18573920,0.26832531
48015,0,USTexasAustin,Texas,Austin,2020-10-20 21:39:14.579063,2020-05-03 00:00:00.000000,0.13851578,0.24433732,0.41541399,41,73,124,20,36,71,0.06834839,0.12236456,0.23681681,0.11670270,0.18972293,0.27279808
48015,0,USTexasAustin,Texas,Austin,2020-10-20 21:39:14.579063,2020-05-04 00:00:00.000000,0.13792598,0.24980184,0.41049707,41,75,123,20,37,70,0.06679447,0.12400919,0.23414499,0.11873082,0.19407914,0.27723174
48015,0,USTexasAustin,Texas,Austin,2020-10-20 21:39:14.579063,2020-05-05 00:00:00.000000,0.13742821,0.25769561,0.42588229,41,77,127,19,37,69,0.06561753,0.12602180,0.23163738,0.11883890,0.19876841,0.28472288
48015,0,USTexasAustin,Texas,Austin,2020-10-20 21:39:14.579063,2020-05-06 00:00:00.000000,0.13794145,0.26022935,0.43697555,41,78,131,19,38,68,0.06459296,0.12881555,0.22924675,0.11925971,0.20024901,0.29221189
48015,0,USTexasAustin,Texas,Austin,2020-10-20 21:39:14.579063,2020-05-07 00:00:00.000000,0.13825192,0.26949611,0.44160707,41,80,132,19,39,68,0.06450511,0.13299071,0.22694307,0.12184159,0.19991529,0.29818371
48015,0,USTexasAustin,Texas,Austin,2020-10-20 21:39:14.579063,2020-05-08 00:00:00.000000,0.13691804,0.27124396,0.45648224,41,81,137,19,40,67,0.06474365,0.13651813,0.22470966,0.12201941,0.20304983,0.30718588
48015,0,USTexasAustin,Texas,Austin,2020-10-20 21:39:14.579063,2020-05-09 00:00:00.000000,0.13700706,0.27345269,0.47052533,41,82,141,19,41,69,0.06520059,0.13842838,0.23069893,0.12264763,0.20456682,0.30917719
48015,0,USTexasAustin,Texas,Austin,2020-10-20 21:39:14.579063,2020-05-10 00:00:00.000000,0.13793958,0.27612848,0.48259076,41,82,144,19,42,71,0.06581798,0.14256657,0.23784247,0.12623555,0.20318244,0.31006840
48015,0,USTexasAustin,Texas,Austin,2020-10-20 21:39:14.579063,2020-05-11 00:00:00.000000,0.13986240,0.28216819,0.48419301,42,84,145,19,43,71,0.06657256,0.14552111,0.23645095,0.13062813,0.20594350,0.31165613
48015,0,USTexasAustin,Texas,Austin,2020-10-20 21:39:14.579063,2020-05-12 00:00:00.000000,0.14258545,0.29078371,0.48560948,42,87,145,20,44,71,0.06732720,0.14813940,0.23702231,0.13429831,0.20846455,0.31325551
48015,0,USTexasAustin,Texas,Austin,2020-10-20 21:39:14.579063,2020-05-13 00:00:00.000000,0.14583602,0.29697646,0.48671088,43,89,146,20,44,72,0.06807402,0.14818712,0.24289092,0.13659119,0.21250609,0.31550893
48015,0,USTexasAustin,Texas,Austin,2020-10-20 21:39:14.579063,2020-05-14 00:00:00.000000,0.14949304,0.30046062,0.48754124,44,90,146,20,44,74,0.06920864,0.14814239,0.24720937,0.13833212,0.21475829,0.32194394
48015,0,USTexasAustin,Texas,Austin,2020-10-20 21:39:14.579063,2020-05-15 00:00:00.000000,0.15358393,0.30573688,0.48797956,46,91,146,21,45,75,0.07069785,0.15005803,0.25038507,0.14345991,0.21806279,0.33090064
48015,0,USTexasAustin,Texas,Austin,2020-10-20 21:39:14.579063,2020-05-16 00:00:00.000000,0.15990615,0.31521960,0.48770291,48,94,146,21,45,75,0.07239642,0.15068983,0.25273872,0.14670467,0.22605305,0.33893887
48015,0,USTexasAustin,Texas,Austin,2020-10-20 21:39:14.579063,2020-05-17 00:00:00.000000,0.17115253,0.32101231,0.48688165,51,96,146,22,46,76,0.07425081,0.15400824,0.25453019,0.14183038,0.23188473,0.34550753
48015,0,USTexasAustin,Texas,Austin,2020-10-20 21:39:14.579063,2020-05-18 00:00:00.000000,0.17611505,0.33370553,0.49416526,52,100,148,23,47,76,0.07854730,0.15782843,0.25595058,0.13925139,0.23540410,0.35395201
48015,0,USTexasAustin,Texas,Austin,2020-10-20 21:39:14.579063,2020-05-19 00:00:00.000000,0.17792231,0.34251566,0.50135288,53,102,150,24,48,77,0.08108432,0.16299691,0.25727972,0.13841492,0.23665171,0.37142598
48015,0,USTexasAustin,Texas,Austin,2020-10-20 21:39:14.579063,2020-05-20 00:00:00.000000,0.17997602,0.35287843,0.50859426,54,105,152,24,50,77,0.08178567,0.16896577,0.25854668,0.13808933,0.23721329,0.37559741
48015,0,USTexasAustin,Texas,Austin,2020-10-20 21:39:14.579063,2020-05-21 00:00:00.000000,0.18409705,0.36182847,0.51585151,55,108,154,24,52,78,0.08219451,0.17555697,0.25976641,0.13774569,0.24006260,0.38430362
48015,0,USTexasAustin,Texas,Austin,2020-10-20 21:39:14.579063,2020-05-22 00:00:00.000000,0.18572823,0.37321714,0.52313763,55,112,157,24,54,78,0.08256947,0.18180980,0.26094818,0.13725525,0.24128446,0.40114519
48015,0,USTexasAustin,Texas,Austin,2020-10-20 21:39:14.579063,2020-05-23 00:00:00.000000,0.18286600,0.38488827,0.53071924,54,115,159,25,56,79,0.08399176,0.18966399,0.26317228,0.15085884,0.24888821,0.41195608
48015,0,USTexasAustin,Texas,Austin,2020-10-20 21:39:14.579063,2020-05-24 00:00:00.000000,0.18032894,0.39219032,0.54452811,54,117,163,25,58,81,0.08552272,0.19645199,0.27049090,0.16770621,0.25703782,0.41696048
48015,0,USTexasAustin,Texas,Austin,2020-10-20 21:39:14.579063,2020-05-25 00:00:00.000000,0.18022077,0.39980637,0.56952643,54,120,171,26,60,83,0.08721011,0.20120129,0.27795286,0.16935793,0.26585101,0.41765631
48015,0,USTexasAustin,Texas,Austin,2020-10-20 21:39:14.579063,2020-05-26 00:00:00.000000,0.18118137,0.40657834,0.59076722,54,122,177,26,61,85,0.08910284,0.20534862,0.28489327,0.17062074,0.27218851,0.41796541
48015,0,USTexasAustin,Texas,Austin,2020-10-20 21:39:14.579063,2020-05-27 00:00:00.000000,0.18414146,0.41391959,0.61701333,55,124,185,27,62,87,0.09080939,0.20968660,0.29182579,0.17189155,0.28210110,0.41826396
48015,0,USTexasAustin,Texas,Austin,2020-10-20 21:39:14.579063,2020-05-28 00:00:00.000000,0.19094371,0.42967436,0.64350902,57,129,193,27,65,89,0.09104710,0.21744197,0.29911163,0.17583143,0.29454957,0.43578868
48015,0,USTexasAustin,Texas,Austin,2020-10-20 21:39:14.579063,2020-05-29 00:00:00.000000,0.20105160,0.45016370,0.66174873,60,135,198,27,66,92,0.09298771,0.22078923,0.30699265,0.18021887,0.30042814,0.44099376
48015,0,USTexasAustin,Texas,Austin,2020-10-20 21:39:14.579063,2020-05-30 00:00:00.000000,0.21336300,0.47017583,0.68844402,64,141,206,29,67,95,0.09721629,0.22505089,0.31770869,0.18990022,0.30399996,0.46479313
48015,0,USTexasAustin,Texas,Austin,2020-10-20 21:39:14.579063,2020-05-31 00:00:00.000000,0.22743406,0.48581409,0.72554483,68,145,217,29,70,101,0.09978876,0.23386822,0.33901751,0.19352039,0.30668611,0.48349303
48015,0,USTexasAustin,Texas,Austin,2020-10-20 21:39:14.579063,2020-06-01 00:00:00.000000,0.23883515,0.50828525,0.76020942,71,152,228,30,72,107,0.10205015,0.24242396,0.35741483,0.20635298,0.31468695,0.49308652
48015,0,USTexasAustin,Texas,Austin,2020-10-20 21:39:14.579063,2020-06-02 00:00:00.000000,0.25040189,0.52877019,0.79536987,75,158,238,31,75,112,0.10509135,0.25225614,0.37509086,0.21242502,0.32906603,0.49723156
48015,0,USTexasAustin,Texas,Austin,2020-10-20 21:39:14.579063,2020-06-03 00:00:00.000000,0.26292983,0.54944828,0.83122861,78,165,249,33,79,115,0.10997505,0.26464724,0.38589460,0.21366399,0.33477693,0.51132688
48015,0,USTexasAustin,Texas,Austin,2020-10-20 21:39:14.579063,2020-06-04 00:00:00.000000,0.27793830,0.57945876,0.86870283,83,174,260,35,83,117,0.11740895,0.27649480,0.39013935,0.22724956,0.33972333,0.56965728
48015,0,USTexasAustin,Texas,Austin,2020-10-20 21:39:14.579063,2020-06-05 00:00:00.000000,0.29663345,0.60026919,0.90928695,89,180,273,38,85,118,0.12672256,0.28541626,0.39547127,0.23103915,0.35763139,0.58537750
48015,0,USTexasAustin,Texas,Austin,2020-10-20 21:39:14.579063,2020-06-06 00:00:00.000000,0.31759002,0.63144858,0.97751493,95,189,293,41,89,124,0.13769747,0.29742182,0.41534566,0.23807896,0.37083993,0.58843013
48015,0,USTexasAustin,Texas,Austin,2020-10-20 21:39:14.579063,2020-06-07 00:00:00.000000,0.33992365,0.65587605,1.03273880,102,196,310,45,95,131,0.15011759,0.31641630,0.43740578,0.24580270,0.38169480,0.60345518
48015,0,USTexasAustin,Texas,Austin,2020-10-20 21:39:14.579063,2020-06-08 00:00:00.000000,0.35972268,0.68481942,1.07502082,108,205,322,49,98,138,0.16385356,0.32959198,0.46184580,0.25541696,0.39032115,0.60019513
48015,0,USTexasAustin,Texas,Austin,2020-10-20 21:39:14.579063,2020-06-09 00:00:00.000000,0.38075884,0.73513410,1.11592164,114,220,335,53,102,146,0.17791124,0.33983296,0.48819487,0.26740134,0.39283905,0.59143652
48015,0,USTexasAustin,Texas,Austin,2020-10-20 21:39:14.579063,2020-06-10 00:00:00.000000,0.40297373,0.76487378,1.17476800,121,229,352,57,105,155,0.19257042,0.35195492,0.51654637,0.26755754,0.39690968,0.58897393
48015,0,USTexasAustin,Texas,Austin,2020-10-20 21:39:14.579063,2020-06-11 00:00:00.000000,0.42683804,0.80173403,1.23845043,128,240,371,62,110,164,0.20773740,0.36649213,0.54691173,0.26790467,0.39927870,0.58853301
48015,0,USTexasAustin,Texas,Austin,2020-10-20 21:39:14.579063,2020-06-12 00:00:00.000000,0.45226969,0.83441006,1.30638193,135,250,392,64,114,171,0.21533448,0.38222203,0.57052587,0.26870435,0.40773117,0.59025831
48015,0,USTexasAustin,Texas,Austin,2020-10-20 21:39:14.579063,2020-06-13 00:00:00.000000,0.48002927,0.86719838,1.38120243,144,260,414,67,120,178,0.22375525,0.40139414,0.59543249,0.26980528,0.41701534,0.58893559
48015,0,USTexasAustin,Texas,Austin,2020-10-20 21:39:14.579063,2020-06-14 00:00:00.000000,0.51179034,0.89638094,1.46720717,153,269,440,70,126,188,0.23360464,0.42218181,0.62683026,0.27271560,0.42665509,0.59771371
48015,0,USTexasAustin,Texas,Austin,2020-10-20 21:39:14.579063,2020-06-15 00:00:00.000000,0.54969315,0.96130566,1.56918569,165,288,471,73,131,201,0.24521608,0.43943447,0.67226319,0.27770827,0.42678971,0.59570563
48015,0,USTexasAustin,Texas,Austin,2020-10-20 21:39:14.579063,2020-06-16 00:00:00.000000,0.59735154,1.02833407,1.67834055,179,308,504,77,138,218,0.25961704,0.46123740,0.72870215,0.28559751,0.43338623,0.58905752
48015,0,USTexasAustin,Texas,Austin,2020-10-20 21:39:14.579063,2020-06-17 00:00:00.000000,0.64009417,1.09033420,1.78890250,192,327,537,82,147,231,0.27629793,0.49047502,0.77085348,0.30766723,0.44179193,0.58552084
48015,0,USTexasAustin,Texas,Austin,2020-10-20 21:39:14.579063,2020-06-18 00:00:00.000000,0.68697156,1.14721373,1.91801436,206,344,576,88,156,244,0.29491261,0.52123508,0.81412677,0.30657119,0.44756918,0.58297353
48015,0,USTexasAustin,Texas,Austin,2020-10-20 21:39:14.579063,2020-06-19 00:00:00.000000,0.73822420,1.22513619,2.05531434,221,367,617,94,166,258,0.31535820,0.55516454,0.86063064,0.30437655,0.44667480,0.57919047
48015,0,USTexasAustin,Texas,Austin,2020-10-20 21:39:14.579063,2020-06-20 00:00:00.000000,0.77919821,1.29089837,2.17897278,234,387,654,99,177,273,0.33258107,0.59259084,0.91168997,0.30932990,0.44153548,0.57867762
48015,0,USTexasAustin,Texas,Austin,2020-10-20 21:39:14.579063,2020-06-21 00:00:00.000000,0.81162512,1.35964054,2.27737539,243,408,683,103,187,290,0.34421098,0.62498672,0.96773077,0.30421335,0.44340623,0.57431127
48015,0,USTexasAustin,Texas,Austin,2020-10-20 21:39:14.579063,2020-06-22 00:00:00.000000,0.85568047,1.41536814,2.37844372,256,425,714,107,197,308,0.35718182,0.65816205,1.02861473,0.29787323,0.44273631,0.54451878
48015,0,USTexasAustin,Texas,Austin,2020-10-20 21:39:14.579063,2020-06-23 00:00:00.000000,0.90496038,1.47304763,2.48047777,271,442,744,111,210,328,0.37273202,0.69948084,1.09353317,0.29546215,0.44147858,0.55939417
48015,0,USTexasAustin,Texas,Austin,2020-10-20 21:39:14.579063,2020-06-24 00:00:00.000000,0.95703557,1.55239545,2.58535309,287,466,776,117,222,349,0.39084677,0.74140038,1.16244718,0.29768301,0.43604811,0.56175300
48015,0,USTexasAustin,Texas,Austin,2020-10-20 21:39:14.579063,2020-06-25 00:00:00.000000,1.00724080,1.64356227,2.69385405,302,493,809,123,235,370,0.41108350,0.78430783,1.23529858,0.29929528,0.43456373,0.57671301
48015,0,USTexasAustin,Texas,Austin,2020-10-20 21:39:14.579063,2020-06-26 00:00:00.000000,1.05901167,1.74021867,2.80475438,318,522,842,130,247,393,0.43308726,0.82347672,1.31175195,0.29574582,0.43482685,0.61324505
48015,0,USTexasAustin,Texas,Austin,2020-10-20 21:39:14.579063,2020-06-27 00:00:00.000000,1.10348973,1.83638079,2.92986266,331,551,879,137,259,417,0.45654880,0.86367119,1.39079406,0.29417391,0.42803326,0.61726601
48015,0,USTexasAustin,Texas,Austin,2020-10-20 21:39:14.579063,2020-06-28 00:00:00.000000,1.14921709,1.92010831,3.06217764,345,576,919,144,271,441,0.48104440,0.90442755,1.47084888,0.29080629,0.41832659,0.61557312
48015,0,USTexasAustin,Texas,Austin,2020-10-20 21:39:14.579063,2020-06-29 00:00:00.000000,1.19902190,2.00353000,3.18556477,360,601,956,152,282,464,0.50637234,0.94176822,1.54829239,0.28738863,0.41560958,0.61318329
48015,0,USTexasAustin,Texas,Austin,2020-10-20 21:39:14.579063,2020-06-30 00:00:00.000000,1.24929851,2.09057268,3.29622474,375,627,989,160,293,481,0.53303983,0.97845951,1.60453383,0.28646804,0.40767331,0.60963898
48015,0,USTexasAustin,Texas,Austin,2020-10-20 21:39:14.579063,2020-07-01 00:00:00.000000,1.29858330,2.14000171,3.38666874,389,642,1017,168,306,495,0.56101379,1.02121750,1.64941712,0.28728574,0.39535720,0.59939548
48015,0,USTexasAustin,Texas,Austin,2020-10-20 21:39:14.579063,2020-07-02 00:00:00.000000,1.34417734,2.26747692,3.46693620,403,680,1041,177,317,508,0.59029316,1.05845225,1.69426270,0.27697899,0.38854675,0.57451816
48015,0,USTexasAustin,Texas,Austin,2020-10-20 21:39:14.579063,2020-07-03 00:00:00.000000,1.38463893,2.34690630,3.55363722,415,704,1067,186,332,522,0.62087377,1.10773342,1.73937333,0.27479687,0.37580009,0.55671393
48015,0,USTexasAustin,Texas,Austin,2020-10-20 21:39:14.579063,2020-07-04 00:00:00.000000,1.42137038,2.41225439,3.75339913,426,724,1127,196,345,536,0.65269001,1.15002185,1.78497409,0.25539406,0.37029683,0.54409359
48015,0,USTexasAustin,Texas,Austin,2020-10-20 21:39:14.579063,2020-07-05 00:00:00.000000,1.46281091,2.48336840,3.89441553,439,745,1169,205,359,549,0.68557502,1.19659010,1.83125765,0.24467197,0.36760842,0.53981103
48015,0,USTexasAustin,Texas,Austin,2020-10-20 21:39:14.579063,2020-07-06 00:00:00.000000,1.50414395,2.57314533,4.01834822,451,772,1206,214,374,564,0.71532452,1.24643095,1.87833703,0.23768124,0.36329863,0.53549521
48015,0,USTexasAustin,Texas,Austin,2020-10-20 21:39:14.579063,2020-07-07 00:00:00.000000,1.54313147,2.66881700,4.14439349,463,801,1244,219,383,578,0.73206002,1.27554440,1.92754761,0.23137812,0.35527324,0.53279426
48015,0,USTexasAustin,Texas,Austin,2020-10-20 21:39:14.579063,2020-07-08 00:00:00.000000,1.58105205,2.76553470,4.25138936,474,830,1276,224,392,594,0.74730861,1.30674084,1.97910149,0.22809253,0.34435102,0.53091117
48015,0,USTexasAustin,Texas,Austin,2020-10-20 21:39:14.579063,2020-07-09 00:00:00.000000,1.61958566,2.83398331,4.32536141,486,851,1298,228,404,609,0.76173726,1.34639832,2.03013823,0.22638070,0.33978210,0.52873110
48015,0,USTexasAustin,Texas,Austin,2020-10-20 21:39:14.579063,2020-07-10 00:00:00.000000,1.65880675,2.87313840,4.39217801,498,862,1319,232,421,624,0.77556646,1.40307315,2.07831788,0.22782654,0.33985623,0.48897720
48015,0,USTexasAustin,Texas,Austin,2020-10-20 21:39:14.579063,2020-07-11 00:00:00.000000,1.70091180,2.93735485,4.58314799,510,882,1376,236,436,640,0.78866152,1.45341641,2.13405293,0.23979179,0.33775142,0.45691348
48015,0,USTexasAustin,Texas,Austin,2020-10-20 21:39:14.579063,2020-07-12 00:00:00.000000,1.76048554,2.99002100,4.72053570,528,897,1417,240,448,662,0.80083962,1.49177766,2.20448367,0.24419934,0.34482445,0.43858738
48015,0,USTexasAustin,Texas,Austin,2020-10-20 21:39:14.579063,2020-07-13 00:00:00.000000,1.82921448,3.04332253,4.82650081,549,913,1449,243,453,682,0.81216668,1.51140446,2.27239806,0.23992169,0.34242097,0.44317169
48015,0,USTexasAustin,Texas,Austin,2020-10-20 21:39:14.579063,2020-07-14 00:00:00.000000,1.90337946,3.09604817,4.91477109,571,929,1476,247,462,702,0.82378583,1.54083401,2.33771354,0.23985921,0.34269824,0.45213526
48015,0,USTexasAustin,Texas,Austin,2020-10-20 21:39:14.579063,2020-07-15 00:00:00.000000,1.98519302,3.16723782,4.98854593,596,951,1498,250,472,721,0.83555152,1.57353300,2.40085514,0.24056665,0.34314020,0.46461993
48015,0,USTexasAustin,Texas,Austin,2020-10-20 21:39:14.579063,2020-07-16 00:00:00.000000,2.07482618,3.23765515,5.03839206,623,972,1513,255,482,739,0.85151782,1.60518258,2.46210938,0.25244070,0.34158795,0.46897552
48015,0,USTexasAustin,Texas,Austin,2020-10-20 21:39:14.579063,2020-07-17 00:00:00.000000,2.16833990,3.29544588,5.05789110,651,989,1518,266,491,757,0.88658808,1.63689966,2.52134831,0.24685193,0.34293933,0.47445450
48015,0,USTexasAustin,Texas,Austin,2020-10-20 21:39:14.579063,2020-07-18 00:00:00.000000,2.26064168,3.36394978,5.05697158,678,1010,1518,277,499,774,0.92411927,1.66350243,2.57776590,0.24365848,0.34392284,0.47042202
48015,0,USTexasAustin,Texas,Austin,2020-10-20 21:39:14.579063,2020-07-19 00:00:00.000000,2.32251955,3.43584919,5.07893537,697,1031,1525,289,508,789,0.96350174,1.69198048,2.62992428,0.23746815,0.34663808,0.46726188
48015,0,USTexasAustin,Texas,Austin,2020-10-20 21:39:14.579063,2020-07-20 00:00:00.000000,2.41754509,3.50506699,5.17163007,726,1052,1553,301,518,803,1.00465793,1.72664345,2.67665557,0.23422986,0.34724326,0.46750231
48015,0,USTexasAustin,Texas,Austin,2020-10-20 21:39:14.579063,2020-07-21 00:00:00.000000,2.52383604,3.59096607,5.28421265,757,1078,1586,314,530,816,1.04667562,1.76725768,2.71949440,0.23212241,0.35287208,0.47806245
48015,0,USTexasAustin,Texas,Austin,2020-10-20 21:39:14.579063,2020-07-22 00:00:00.000000,2.56432440,3.67403146,5.42284068,770,1103,1628,327,542,828,1.08974231,1.80518191,2.75859288,0.22788358,0.35627443,0.48492629
48015,0,USTexasAustin,Texas,Austin,2020-10-20 21:39:14.579063,2020-07-23 00:00:00.000000,2.60842514,3.77563660,5.57962482,783,1133,1675,340,552,839,1.13371713,1.84112542,2.79457525,0.22542449,0.36347816,0.48265455
48015,0,USTexasAustin,Texas,Austin,2020-10-20 21:39:14.579063,2020-07-24 00:00:00.000000,2.66951740,3.88322849,5.76282170,801,1166,1730,353,565,849,1.17698730,1.88336960,2.82812896,0.23029093,0.36680878,0.48063564
48015,0,USTexasAustin,Texas,Austin,2020-10-20 21:39:14.579063,2020-07-25 00:00:00.000000,2.71709687,3.96500179,5.96901098,815,1190,1792,364,578,858,1.21217157,1.92708370,2.85989025,0.23342118,0.37322410,0.49644141
48015,0,USTexasAustin,Texas,Austin,2020-10-20 21:39:14.579063,2020-07-26 00:00:00.000000,2.74948451,4.07219678,6.17803085,825,1222,1855,372,592,872,1.24004721,1.97244418,2.90525824,0.24289532,0.37603665,0.49741517
48015,0,USTexasAustin,Texas,Austin,2020-10-20 21:39:14.579063,2020-07-27 00:00:00.000000,2.81169834,4.19214106,6.38176781,844,1258,1916,382,603,901,1.27317795,2.01004537,3.00032017,0.25523612,0.37668034,0.49736209
48015,0,USTexasAustin,Texas,Austin,2020-10-20 21:39:14.579063,2020-07-28 00:00:00.000000,2.89588093,4.28400136,6.58443603,869,1286,1977,392,618,930,1.30553665,2.05995956,3.09911629,0.27256785,0.37971012,0.49719157
48015,0,USTexasAustin,Texas,Austin,2020-10-20 21:39:14.579063,2020-07-29 00:00:00.000000,2.93880231,4.39146808,6.78191592,882,1318,2036,402,637,960,1.34095679,2.12218801,3.19971322,0.28871357,0.37806414,0.49688075
48015,0,USTexasAustin,Texas,Austin,2020-10-20 21:39:14.579063,2020-07-30 00:00:00.000000,2.95088728,4.52594572,6.96866115,886,1359,2092,415,650,991,1.38301091,2.16498412,3.30067838,0.30227354,0.38434341,0.50484837
48015,0,USTexasAustin,Texas,Austin,2020-10-20 21:39:14.579063,2020-07-31 00:00:00.000000,3.05682802,4.65217370,7.13904141,918,1397,2143,414,666,1021,1.37877404,2.21973981,3.40050616,0.31215410,0.38679910,0.51753082
48015,0,USTexasAustin,Texas,Austin,2020-10-20 21:39:14.579063,2020-08-01 00:00:00.000000,3.16971932,4.75019555,7.29007092,951,1426,2189,419,687,1050,1.39731337,2.28862008,3.49694860,0.31404485,0.38565701,0.53359438
48015,0,USTexasAustin,Texas,Austin,2020-10-20 21:39:14.579063,2020-08-02 00:00:00.000000,3.27393750,4.84711619,7.42229098,983,1455,2229,442,706,1077,1.47368266,2.35130161,3.58796117,0.31189589,0.38814410,0.53465182
48015,0,USTexasAustin,Texas,Austin,2020-10-20 21:39:14.579063,2020-08-03 00:00:00.000000,3.40359549,4.97817360,7.53939745,1022,1495,2264,464,726,1102,1.54513575,2.41783317,3.67220142,0.31153398,0.38783339,0.54257944
48015,0,USTexasAustin,Texas,Austin,2020-10-20 21:39:14.579063,2020-08-04 00:00:00.000000,3.52482819,5.12219382,7.64034493,1058,1538,2294,475,744,1125,1.58409120,2.47996323,3.74931978,0.30622958,0.38733902,0.55871078
48015,0,USTexasAustin,Texas,Austin,2020-10-20 21:39:14.579063,2020-08-05 00:00:00.000000,3.63779338,5.25604659,7.72417962,1092,1578,2319,487,766,1146,1.62266150,2.55192769,3.81892943,0.30206790,0.38416970,0.55858857
48015,0,USTexasAustin,Texas,Austin,2020-10-20 21:39:14.579063,2020-08-06 00:00:00.000000,3.73806840,5.37678277,7.88193006,1122,1614,2367,498,788,1175,1.66096234,2.62516968,3.91365237,0.29806865,0.37846196,0.55662042
48015,0,USTexasAustin,Texas,Austin,2020-10-20 21:39:14.579063,2020-08-07 00:00:00.000000,3.81999376,5.45126494,8.07569300,1147,1637,2425,510,806,1218,1.69898971,2.68658564,4.05625391,0.28645373,0.36767999,0.54508974
48015,0,USTexasAustin,Texas,Austin,2020-10-20 21:39:14.579063,2020-08-08 00:00:00.000000,3.88132660,5.53888517,8.24119829,1165,1663,2474,521,831,1253,1.73654639,2.76912458,4.17298670,0.25995304,0.35773077,0.51527107
48015,0,USTexasAustin,Texas,Austin,2020-10-20 21:39:14.579063,2020-08-09 00:00:00.000000,3.92485335,5.59669785,8.21632717,1178,1680,2467,532,846,1277,1.77307218,2.81989730,4.25420337,0.21667193,0.34115921,0.47678575
48015,0,USTexasAustin,Texas,Austin,2020-10-20 21:39:14.579063,2020-08-10 00:00:00.000000,3.95765214,5.69249404,8.14487529,1188,1709,2446,542,856,1293,1.80731038,2.85297195,4.30694566,0.20997218,0.33065874,0.45749015
48015,0,USTexasAustin,Texas,Austin,2020-10-20 21:39:14.579063,2020-08-11 00:00:00.000000,3.98162600,5.75788412,8.03624821,1195,1729,2413,551,863,1307,1.83665278,2.87440849,4.35371559,0.20574379,0.32082539,0.45001781
48015,0,USTexasAustin,Texas,Austin,2020-10-20 21:39:14.579063,2020-08-12 00:00:00.000000,3.95072958,5.80904454,8.00376889,1186,1744,2403,558,883,1310,1.85858794,2.94231906,4.36244196,0.18677735,0.31226594,0.44694878
48015,0,USTexasAustin,Texas,Austin,2020-10-20 21:39:14.579063,2020-08-13 00:00:00.000000,3.89842374,5.82912461,7.84979404,1170,1750,2357,558,899,1302,1.85833571,2.99575242,4.33788111,0.18074574,0.29393064,0.44098841
48015,0,USTexasAustin,Texas,Austin,2020-10-20 21:39:14.579063,2020-08-14 00:00:00.000000,3.84680211,5.78444331,7.87635135,1155,1737,2365,554,909,1310,1.84697791,3.02869764,4.36419969,0.17967941,0.27465311,0.41715882
48015,0,USTexasAustin,Texas,Austin,2020-10-20 21:39:14.579063,2020-08-15 00:00:00.000000,3.85159634,5.71077320,7.87255725,1156,1715,2364,549,910,1288,1.82879467,3.03037302,4.29048054,0.16976841,0.26045881,0.39953958
48015,0,USTexasAustin,Texas,Austin,2020-10-20 21:39:14.579063,2020-08-16 00:00:00.000000,3.75746960,5.61908767,7.84091049,1128,1687,2354,541,907,1292,1.80418502,3.02180354,4.30500362,0.16295536,0.25023162,0.39745994
48015,0,USTexasAustin,Texas,Austin,2020-10-20 21:39:14.579063,2020-08-17 00:00:00.000000,3.65228724,5.54949516,7.79128126,1096,1666,2339,532,908,1298,1.77380660,3.02544421,4.32311960,0.15952579,0.24291647,0.37243149
48015,0,USTexasAustin,Texas,Austin,2020-10-20 21:39:14.579063,2020-08-18 00:00:00.000000,3.54688371,5.51504117,7.74218474,1065,1656,2325,536,909,1299,1.78529588,3.02949714,4.32847101,0.15745669,0.24144999,0.35048558
48015,0,USTexasAustin,Texas,Austin,2020-10-20 21:39:14.579063,2020-08-19 00:00:00.000000,3.44132438,5.44806801,7.65378584,1033,1636,2298,539,903,1297,1.79577640,3.00953430,4.32195177,0.15522731,0.23392232,0.34815110
48015,0,USTexasAustin,Texas,Austin,2020-10-20 21:39:14.579063,2020-08-20 00:00:00.000000,3.33528155,5.38865937,7.56842525,1001,1618,2272,538,892,1292,1.79459343,2.97122558,4.30478973,0.15274791,0.23115170,0.34502641
48015,0,USTexasAustin,Texas,Austin,2020-10-20 21:39:14.579063,2020-08-21 00:00:00.000000,3.25379841,5.27538480,7.47123649,977,1584,2243,531,875,1280,1.77126712,2.91569828,4.26404224,0.14787374,0.22674754,0.32691620
48015,0,USTexasAustin,Texas,Austin,2020-10-20 21:39:14.579063,2020-08-22 00:00:00.000000,3.18549072,5.15657767,7.36327641,956,1548,2211,524,859,1273,1.74568610,2.86313325,4.24136054,0.14546181,0.22284024,0.32408034
48015,0,USTexasAustin,Texas,Austin,2020-10-20 21:39:14.579063,2020-08-23 00:00:00.000000,3.08959264,5.03431941,7.24643338,927,1511,2176,515,843,1263,1.71559441,2.80995605,4.20655992,0.13292362,0.21694383,0.31472381
48015,0,USTexasAustin,Texas,Austin,2020-10-20 21:39:14.579063,2020-08-24 00:00:00.000000,2.95463744,4.90132028,7.11690110,887,1471,2137,494,835,1249,1.64766193,2.78139388,4.16016968,0.13058288,0.20951564,0.29923011
48015,0,USTexasAustin,Texas,Austin,2020-10-20 21:39:14.579063,2020-08-25 00:00:00.000000,2.84533657,4.75310755,6.99515634,854,1427,2100,474,815,1233,1.57958121,2.71709174,4.10729041,0.12973881,0.19960095,0.29921869
48015,0,USTexasAustin,Texas,Austin,2020-10-20 21:39:14.579063,2020-08-26 00:00:00.000000,2.77290576,4.63750965,6.90593584,832,1392,2073,454,795,1215,1.51247091,2.65020705,4.04807712,0.12933555,0.19724988,0.29680783
48015,0,USTexasAustin,Texas,Austin,2020-10-20 21:39:14.579063,2020-08-27 00:00:00.000000,2.70272034,4.46843137,6.67677770,811,1341,2005,434,773,1195,1.44710379,2.57544794,3.98167504,0.12896795,0.19441708,0.29187019
48015,0,USTexasAustin,Texas,Austin,2020-10-20 21:39:14.579063,2020-08-28 00:00:00.000000,2.63458304,4.31169750,6.46054426,791,1294,1940,415,747,1173,1.38413949,2.48987707,3.90707438,0.12860504,0.19281496,0.26510192
48015,0,USTexasAustin,Texas,Austin,2020-10-20 21:39:14.579063,2020-08-29 00:00:00.000000,2.56897147,4.15863691,6.25199977,771,1248,1877,404,725,1148,1.34799786,2.41450486,3.82285529,0.12281809,0.18737654,0.25798243
48015,0,USTexasAustin,Texas,Austin,2020-10-20 21:39:14.579063,2020-08-30 00:00:00.000000,2.51173497,4.03387649,6.03951510,754,1211,1813,394,701,1120,1.31263973,2.33605851,3.72959947,0.12727170,0.18442337,0.27935644
48015,0,USTexasAustin,Texas,Austin,2020-10-20 21:39:14.579063,2020-08-31 00:00:00.000000,2.47626408,3.86723125,5.85103336,743,1161,1757,383,676,1089,1.27578852,2.25212079,3.62927584,0.12392112,0.18178116,0.28599335
48015,0,USTexasAustin,Texas,Austin,2020-10-20 21:39:14.579063,2020-09-01 00:00:00.000000,2.41707162,3.69985758,5.64853754,725,1111,1696,371,654,1058,1.23756120,2.17991903,3.52447624,0.12012023,0.17938851,0.31478407
48015,0,USTexasAustin,Texas,Austin,2020-10-20 21:39:14.579063,2020-09-02 00:00:00.000000,2.32911332,3.53964004,5.43976947,699,1063,1633,359,637,1026,1.19831278,2.12207357,3.41702391,0.11567435,0.17873728,0.31823186
48015,0,USTexasAustin,Texas,Austin,2020-10-20 21:39:14.579063,2020-09-03 00:00:00.000000,2.24174454,3.44676180,5.23203346,673,1035,1571,352,617,993,1.17409685,2.05554592,3.30835682,0.11825854,0.17836260,0.31824893
48015,0,USTexasAustin,Texas,Austin,2020-10-20 21:39:14.579063,2020-09-04 00:00:00.000000,2.20594348,3.31068134,5.03102193,662,994,1510,349,597,960,1.16228686,1.98952194,3.19949549,0.11103407,0.17545859,0.31219640
48015,0,USTexasAustin,Texas,Austin,2020-10-20 21:39:14.579063,2020-09-05 00:00:00.000000,2.12805954,3.17832815,4.83597183,639,954,1452,346,578,928,1.15252954,1.92474759,3.09094777,0.10121115,0.16983181,0.26688253
48015,0,USTexasAustin,Texas,Austin,2020-10-20 21:39:14.579063,2020-09-06 00:00:00.000000,2.02165866,3.04953840,4.63723043,607,915,1392,343,558,898,1.14402682,1.86113981,2.99302576,0.09511808,0.16647361,0.26538967
48015,0,USTexasAustin,Texas,Austin,2020-10-20 21:39:14.579063,2020-09-07 00:00:00.000000,1.94182436,2.94929085,4.43584714,583,885,1332,338,537,868,1.12732236,1.78936253,2.89281616,0.09384200,0.16224078,0.26434319
48015,0,USTexasAustin,Texas,Austin,2020-10-20 21:39:14.579063,2020-09-08 00:00:00.000000,1.87049569,2.86410597,4.29501344,561,860,1289,328,520,837,1.09515322,1.73382726,2.78984376,0.09359667,0.15493471,0.26145605
48015,0,USTexasAustin,Texas,Austin,2020-10-20 21:39:14.579063,2020-09-09 00:00:00.000000,1.80502033,2.74927814,4.16661903,542,825,1251,321,503,806,1.06890249,1.67803928,2.68576758,0.09049292,0.15221418,0.25785169
48015,0,USTexasAustin,Texas,Austin,2020-10-20 21:39:14.579063,2020-09-10 00:00:00.000000,1.74427311,2.66068066,4.04115825,523,799,1213,306,487,775,1.02188923,1.62245973,2.58188054,0.08459564,0.14809541,0.25656793
48015,0,USTexasAustin,Texas,Austin,2020-10-20 21:39:14.579063,2020-09-11 00:00:00.000000,1.68743573,2.57424775,3.91817972,506,773,1176,291,471,744,0.97145393,1.56900697,2.47913781,0.08186763,0.14344558,0.25736441
48015,0,USTexasAustin,Texas,Austin,2020-10-20 21:39:14.579063,2020-09-12 00:00:00.000000,1.59851641,2.48590542,3.79557099,480,746,1139,276,448,714,0.92134812,1.49236022,2.37817638,0.08022538,0.13936944,0.25621929
48015,0,USTexasAustin,Texas,Austin,2020-10-20 21:39:14.579063,2020-09-13 00:00:00.000000,1.49454777,2.36040025,3.67152723,448,708,1102,263,432,684,0.87602999,1.43850102,2.27942591,0.07646320,0.13590727,0.25392361
48015,0,USTexasAustin,Texas,Austin,2020-10-20 21:39:14.579063,2020-09-14 00:00:00.000000,1.42983349,2.24213994,3.52361329,429,673,1058,248,412,655,0.82903480,1.37418399,2.18313826,0.07583026,0.13329409,0.24939429
48015,0,USTexasAustin,Texas,Austin,2020-10-20 21:39:14.579063,2020-09-15 00:00:00.000000,1.37769235,2.14900397,3.37817125,413,645,1014,235,393,627,0.78298463,1.30992416,2.08968072,0.07308694,0.13182722,0.22597628
48015,0,USTexasAustin,Texas,Austin,2020-10-20 21:39:14.579063,2020-09-16 00:00:00.000000,1.32789188,2.04519278,3.23538081,398,614,971,221,374,600,0.73833960,1.24738073,1.99921186,0.07060226,0.12908203,0.22300184
48015,0,USTexasAustin,Texas,Austin,2020-10-20 21:39:14.579063,2020-09-17 00:00:00.000000,1.25632418,1.93038341,3.09481475,377,579,929,208,357,574,0.69541330,1.18973976,1.91156419,0.06990791,0.12738548,0.21455840
48015,0,USTexasAustin,Texas,Austin,2020-10-20 21:39:14.579063,2020-09-18 00:00:00.000000,1.18687686,1.85173133,2.95477573,356,556,887,196,340,548,0.65445835,1.13441134,1.82508093,0.06891379,0.12175017,0.21196303
48015,0,USTexasAustin,Texas,Austin,2020-10-20 21:39:14.579063,2020-09-19 00:00:00.000000,1.12193675,1.76823531,2.81574133,336,531,845,185,324,529,0.61801944,1.07992293,1.76207523,0.06935955,0.11656191,0.20403661
48015,0,USTexasAustin,Texas,Austin,2020-10-20 21:39:14.579063,2020-09-20 00:00:00.000000,1.06130327,1.67601936,2.67865947,318,503,804,175,308,509,0.58378486,1.02722618,1.69693966,0.06524415,0.11762098,0.20070511
48015,0,USTexasAustin,Texas,Austin,2020-10-20 21:39:14.579063,2020-09-21 00:00:00.000000,0.99711216,1.58156598,2.54952724,299,474,765,165,295,488,0.55168153,0.98278481,1.62803861,0.06370966,0.11573584,0.20008190
48015,0,USTexasAustin,Texas,Austin,2020-10-20 21:39:14.579063,2020-09-22 00:00:00.000000,0.93725402,1.48224085,2.42451663,281,445,728,156,281,468,0.52040074,0.93616887,1.55857208,0.06215064,0.11223905,0.19970083
48015,0,USTexasAustin,Texas,Austin,2020-10-20 21:39:14.579063,2020-09-23 00:00:00.000000,0.87580639,1.39630811,2.30398565,263,419,691,147,265,447,0.49027117,0.88507152,1.48959271,0.06058667,0.10991927,0.19229988
48015,0,USTexasAustin,Texas,Austin,2020-10-20 21:39:14.579063,2020-09-24 00:00:00.000000,0.81564005,1.31430942,2.18791986,244,394,657,138,250,427,0.46149132,0.83343170,1.42183757,0.05927133,0.10861785,0.19168954
48015,0,USTexasAustin,Texas,Austin,2020-10-20 21:39:14.579063,2020-09-25 00:00:00.000000,0.75893311,1.23655717,2.07628916,227,371,623,130,235,407,0.43388865,0.78373296,1.35576628,0.05835380,0.10730108,0.19161966
48015,0,USTexasAustin,Texas,Austin,2020-10-20 21:39:14.579063,2020-09-26 00:00:00.000000,0.70627425,1.16985530,1.96917138,212,351,591,122,221,387,0.40737314,0.73720367,1.29159654,0.05744292,0.10583441,0.19025202
48015,0,USTexasAustin,Texas,Austin,2020-10-20 21:39:14.579063,2020-09-27 00:00:00.000000,0.65785642,1.10222689,1.86672128,197,331,560,117,208,369,0.39288054,0.69316216,1.23014804,0.05681636,0.10414184,0.19038069
48015,0,USTexasAustin,Texas,Austin,2020-10-20 21:39:14.579063,2020-09-28 00:00:00.000000,0.61631996,1.04410131,1.78101821,185,313,534,112,195,354,0.37520421,0.65096165,1.18017767,0.05649416,0.10408903,0.19058564
48015,0,USTexasAustin,Texas,Austin,2020-10-20 21:39:14.579063,2020-09-29 00:00:00.000000,0.57802170,0.98899815,1.70139576,173,297,510,103,184,339,0.34469421,0.61283267,1.13102617,0.05616693,0.10205680,0.19133867
48015,0,USTexasAustin,Texas,Austin,2020-10-20 21:39:14.579063,2020-09-30 00:00:00.000000,0.54279782,0.93635778,1.62515217,163,281,488,94,174,324,0.31589641,0.58166155,1.08102297,0.05464012,0.10067651,0.19219109
48015,0,USTexasAustin,Texas,Austin,2020-10-20 21:39:14.579063,2020-10-01 00:00:00.000000,0.50921450,0.88015095,1.55246121,152,264,466,87,164,308,0.29162189,0.54835502,1.02866906,0.05355704,0.10003449,0.19242884
48015,0,USTexasAustin,Texas,Austin,2020-10-20 21:39:14.579063,2020-10-02 00:00:00.000000,0.47544220,0.82648834,1.48355629,142,248,445,81,155,294,0.27224818,0.51782871,0.97936820,0.05196654,0.09982799,0.19343739
48015,0,USTexasAustin,Texas,Austin,2020-10-20 21:39:14.579063,2020-10-03 00:00:00.000000,0.44244121,0.78019096,1.41855352,132,234,426,76,146,280,0.25409008,0.48914920,0.93282910,0.04961053,0.09894652,0.19741921
48015,0,USTexasAustin,Texas,Austin,2020-10-20 21:39:14.579063,2020-10-04 00:00:00.000000,0.41144535,0.74239689,1.35720703,123,222,407,71,138,266,0.23696355,0.46205412,0.88885976,0.04839901,0.09929471,0.20648871
48015,0,USTexasAustin,Texas,Austin,2020-10-20 21:39:14.579063,2020-10-05 00:00:00.000000,0.39174939,0.70736258,1.30271108,117,212,391,66,131,254,0.22082559,0.43676629,0.84731557,0.05420680,0.09999757,0.21134261
48015,0,USTexasAustin,Texas,Austin,2020-10-20 21:39:14.579063,2020-10-06 00:00:00.000000,0.37439057,0.67539253,1.25107550,112,202,375,61,124,242,0.20509721,0.41448933,0.80719453,0.05317525,0.09913471,0.21191705
48015,0,USTexasAustin,Texas,Austin,2020-10-20 21:39:14.579063,2020-10-07 00:00:00.000000,0.34845202,0.63869808,1.20205342,104,191,361,56,119,230,0.18783245,0.39690587,0.76860199,0.05024009,0.09908330,0.21083072
48015,0,USTexasAustin,Texas,Austin,2020-10-20 21:39:14.579063,2020-10-08 00:00:00.000000,0.32267095,0.59653429,1.14705743,96,179,344,52,113,219,0.17390604,0.37721425,0.73158960,0.04798738,0.09762253,0.20941402
48015,0,USTexasAustin,Texas,Austin,2020-10-20 21:39:14.579063,2020-10-09 00:00:00.000000,0.29898073,0.55872002,1.08557246,89,167,326,48,106,208,0.16111712,0.35584702,0.69591597,0.04017608,0.09425953,0.20757746
48015,0,USTexasAustin,Texas,Austin,2020-10-20 21:39:14.579063,2020-10-10 00:00:00.000000,0.27726014,0.53407789,1.02707610,83,160,308,44,100,200,0.14927189,0.33434115,0.66836238,0.03891559,0.09352861,0.20285462
48015,0,USTexasAustin,Texas,Austin,2020-10-20 21:39:14.579063,2020-10-11 00:00:00.000000,0.25741156,0.51595197,0.97983416,77,154,294,41,93,193,0.13837632,0.31258837,0.64478545,0.03856028,0.09498142,0.19633500
48015,0,USTexasAustin,Texas,Austin,2020-10-20 21:39:14.579063,2020-10-12 00:00:00.000000,0.23584979,0.48237361,0.93652864,70,144,281,38,89,187,0.12840483,0.29858029,0.62288219,0.03776297,0.09553285,0.19075481
48015,0,USTexasAustin,Texas,Austin,2020-10-20 21:39:14.579063,2020-10-13 00:00:00.000000,0.21585755,0.45738022,0.89492038,64,137,268,35,85,180,0.11858901,0.28632272,0.60026209,0.03693020,0.09539378,0.19073939
48015,0,USTexasAustin,Texas,Austin,2020-10-20 21:39:14.579063,2020-10-14 00:00:00.000000,0.19727662,0.43376899,0.85505593,59,130,256,32,82,173,0.10913180,0.27325243,0.57744815,0.03783597,0.09455643,0.19078984
48015,0,USTexasAustin,Texas,Austin,2020-10-20 21:39:14.579063,2020-10-15 00:00:00.000000,0.18011914,0.40711356,0.81739758,54,122,245,30,77,166,0.10015488,0.25699259,0.55477109,0.03882414,0.09435314,0.19817277
48015,0,USTexasAustin,Texas,Austin,2020-10-20 21:39:14.579063,2020-10-16 00:00:00.000000,0.16431276,0.37892399,0.78222113,49,113,234,27,72,159,0.09172401,0.24121800,0.53238190,0.03932951,0.09164391,0.20725913
48015,0,USTexasAustin,Texas,Austin,2020-10-20 21:39:14.579063,2020-10-17 00:00:00.000000,0.14978053,0.35032426,0.74944298,44,105,225,25,68,153,0.08386655,0.22667185,0.51012851,0.04306399,0.09118609,0.21056674
48015,0,USTexasAustin,Texas,Austin,2020-10-20 21:39:14.579063,2020-10-18 00:00:00.000000,0.13643210,0.32506751,0.71871139,40,97,215,22,63,146,0.07658292,0.21250348,0.48756380,0.04305365,0.08878684,0.21180562
48015,0,USTexasAustin,Texas,Austin,2020-10-20 21:39:14.579063,2020-10-19 00:00:00.000000,0.12419224,0.30536715,0.68964453,37,91,207,20,59,139,0.06985503,0.19918212,0.46463419,0.04282016,0.08871494,0.21254061
48015,0,USTexasAustin,Texas,Austin,2020-10-20 21:39:14.579063,2020-10-20 00:00:00.000000,0.11299653,0.28803990,0.66189420,33,86,198,19,56,132,0.06365740,0.18676725,0.44167488,0.03909765,0.08836580,0.21576154
48015,0,USTexasAustin,Texas,Austin,2020-10-20 21:39:14.579063,2020-10-21 00:00:00.000000,0.10277463,0.27036896,0.63149626,30,81,189,17,52,125,0.05796388,0.17352195,0.41903069,0.03903661,0.08763876,0.21838643
48015,0,USTexasAustin,Texas,Austin,2020-10-20 21:39:14.579063,2020-10-22 00:00:00.000000,0.09345303,0.25382707,0.59816530,28,76,179,15,48,119,0.05276500,0.16175924,0.39695483,0.03903545,0.08804543,0.21935181
48015,0,USTexasAustin,Texas,Austin,2020-10-20 21:39:14.579063,2020-10-23 00:00:00.000000,0.08495969,0.23699212,0.56649696,25,71,170,14,46,112,0.04801478,0.15339999,0.37561482,0.03903542,0.08822244,0.22043437
48015,0,USTexasAustin,Texas,Austin,2020-10-20 21:39:14.579063,2020-10-24 00:00:00.000000,0.07722600,0.22254137,0.53649342,23,66,161,13,43,106,0.04367648,0.14365703,0.35511371,0.03903541,0.08820909,0.22158506
48015,0,USTexasAustin,Texas,Austin,2020-10-20 21:39:14.579063,2020-10-25 00:00:00.000000,0.07018751,0.20736784,0.50806922,21,62,152,11,40,100,0.03971892,0.13501695,0.33550852,0.03903540,0.08819843,0.22204516
48015,0,USTexasAustin,Texas,Austin,2020-10-20 21:39:14.579063,2020-10-26 00:00:00.000000,0.06378424,0.19322568,0.48114290,19,58,144,10,38,95,0.03611193,0.12713393,0.31682395,0.03903540,0.08819041,0.22222599
48015,0,USTexasAustin,Texas,Austin,2020-10-20 21:39:14.579063,2020-10-27 00:00:00.000000,0.05796063,0.17987033,0.45563687,17,54,136,9,35,89,0.03282676,0.11848393,0.29906233,0.03903540,0.08818456,0.22229760
48015,0,USTexasAustin,Texas,Austin,2020-10-20 21:39:14.579063,2020-10-28 00:00:00.000000,0.05266548,0.16727694,0.43147732,15,50,129,8,33,85,0.02983632,0.10993970,0.28430997,0.03903539,0.08818038,0.22232655
48015,0,USTexasAustin,Texas,Austin,2020-10-20 21:39:14.579063,2020-10-29 00:00:00.000000,0.04785175,0.15660921,0.40859410,14,47,122,8,30,81,0.02711536,0.10226975,0.27297532,0.03903539,0.08817743,0.22233861
48015,0,USTexasAustin,Texas,Austin,2020-10-20 21:39:14.579063,2020-10-30 00:00:00.000000,0.04347633,0.14579994,0.38692051,13,43,116,7,28,78,0.02464043,0.09589856,0.26209398,0.03903539,0.08817536,0.22234382
48015,0,USTexasAustin,Texas,Austin,2020-10-20 21:39:14.579063,2020-10-31 00:00:00.000000,0.03949977,0.13589866,0.36639324,11,40,110,6,27,75,0.02238987,0.09001266,0.25165432,0.03903539,0.08817392,0.22234616
48015,0,USTexasAustin,Texas,Austin,2020-10-20 21:39:14.579063,2020-11-01 00:00:00.000000,0.03588604,0.12798179,0.34695217,10,38,104,6,25,72,0.02034377,0.08344577,0.24163640,0.03903539,0.08817291,0.22234725
48015,0,USTexasAustin,Texas,Austin,2020-10-20 21:39:14.579063,2020-11-02 00:00:00.000000,0.03260230,0.11968845,0.32854026,9,35,98,5,23,69,0.01848387,0.07707841,0.23202167,0.03903539,0.08817222,0.22234778
