FIPS,HR_UID,nameid,province,region,analysisTime,dates,pointprevalence_025,pointprevalence_50,pointprevalence_975,pointinfections_025,pointinfections_50,pointinfections_975,pointinfectious_025,pointinfectious_50,pointinfectious_975,pointinfectiousprevalence_05,pointinfectiousprevalence_50,pointinfectiousprevalence_95,infectrate_025,infectrate_50,infectrate_975
0,0,ChinaShanghai,Shanghai,,2020-12-15 07:18:42.795914,2020-03-09 00:00:00.000000,0.00014138,0.00033187,0.00051955,34,80,125,12,35,59,0.00005322,0.00014817,0.00024401,0.58700710,0.77654787,1.07349656
0,0,ChinaShanghai,Shanghai,,2020-12-15 07:18:42.795914,2020-03-10 00:00:00.000000,0.00017545,0.00039179,0.00061793,42,94,149,16,41,69,0.00006904,0.00016929,0.00028858,0.58694249,0.77654706,1.07343838
0,0,ChinaShanghai,Shanghai,,2020-12-15 07:18:42.795914,2020-03-11 00:00:00.000000,0.00022033,0.00046774,0.00072980,53,113,176,22,49,80,0.00009154,0.00020340,0.00033165,0.58682300,0.77654599,1.07333526
0,0,ChinaShanghai,Shanghai,,2020-12-15 07:18:42.795914,2020-03-12 00:00:00.000000,0.00027210,0.00054595,0.00085837,65,132,208,27,59,92,0.00011191,0.00024552,0.00038213,0.58660243,0.77654460,1.07315233
0,0,ChinaShanghai,Shanghai,,2020-12-15 07:18:42.795914,2020-03-13 00:00:00.000000,0.00033195,0.00063186,0.00100679,80,153,244,33,70,110,0.00013668,0.00029021,0.00045480,0.58619670,0.77654274,1.07282775
0,0,ChinaShanghai,Shanghai,,2020-12-15 07:18:42.795914,2020-03-14 00:00:00.000000,0.00039111,0.00072272,0.00117844,94,175,285,40,81,130,0.00016826,0.00033552,0.00053863,0.58545528,0.77654019,1.07225209
0,0,ChinaShanghai,Shanghai,,2020-12-15 07:18:42.795914,2020-03-15 00:00:00.000000,0.00045621,0.00082005,0.00137716,110,198,333,49,94,154,0.00020478,0.00039081,0.00063575,0.58411664,0.77236464,1.07123249
0,0,ChinaShanghai,Shanghai,,2020-12-15 07:18:42.795914,2020-03-16 00:00:00.000000,0.00054359,0.00095521,0.00161923,131,231,392,59,108,181,0.00024724,0.00044592,0.00074845,0.58175173,0.77204242,1.06943165
0,0,ChinaShanghai,Shanghai,,2020-12-15 07:18:42.795914,2020-03-17 00:00:00.000000,0.00065931,0.00110096,0.00189773,159,266,460,72,123,212,0.00029988,0.00050907,0.00087490,0.56881800,0.76572780,1.06626775
0,0,ChinaShanghai,Shanghai,,2020-12-15 07:18:42.795914,2020-03-18 00:00:00.000000,0.00076129,0.00126108,0.00221816,184,305,537,85,141,247,0.00035101,0.00058434,0.00102032,0.54586370,0.75759205,1.06076138
0,0,ChinaShanghai,Shanghai,,2020-12-15 07:18:42.795914,2020-03-19 00:00:00.000000,0.00088332,0.00143131,0.00257798,214,346,624,100,163,287,0.00041555,0.00067544,0.00118759,0.53345480,0.72657095,1.05133326
0,0,ChinaShanghai,Shanghai,,2020-12-15 07:18:42.795914,2020-03-20 00:00:00.000000,0.00102121,0.00159797,0.00291183,247,387,705,118,188,334,0.00049054,0.00077791,0.00138071,0.48846227,0.69318228,1.03562193
0,0,ChinaShanghai,Shanghai,,2020-12-15 07:18:42.795914,2020-03-21 00:00:00.000000,0.00116179,0.00179076,0.00324111,281,434,785,138,212,388,0.00057151,0.00087495,0.00160405,0.46128713,0.66461704,1.01048681
0,0,ChinaShanghai,Shanghai,,2020-12-15 07:18:42.795914,2020-03-22 00:00:00.000000,0.00128726,0.00199160,0.00351535,312,482,852,159,235,443,0.00065664,0.00097272,0.00183046,0.43931842,0.59489869,0.96833386
0,0,ChinaShanghai,Shanghai,,2020-12-15 07:18:42.795914,2020-03-23 00:00:00.000000,0.00143972,0.00214972,0.00402073,348,521,974,180,260,499,0.00074592,0.00107660,0.00206220,0.39940186,0.52907502,0.81663376
0,0,ChinaShanghai,Shanghai,,2020-12-15 07:18:42.795914,2020-03-24 00:00:00.000000,0.00158172,0.00228180,0.00442821,383,553,1073,198,288,550,0.00081856,0.00118863,0.00227102,0.37045896,0.48245978,0.66049491
0,0,ChinaShanghai,Shanghai,,2020-12-15 07:18:42.795914,2020-03-25 00:00:00.000000,0.00169023,0.00243617,0.00475196,409,590,1151,218,315,616,0.00090249,0.00130178,0.00254389,0.33007080,0.45285664,0.58420383
0,0,ChinaShanghai,Shanghai,,2020-12-15 07:18:42.795914,2020-03-26 00:00:00.000000,0.00179359,0.00254618,0.00501557,434,617,1215,234,341,672,0.00096672,0.00140711,0.00277260,0.29266914,0.42096704,0.53033093
0,0,ChinaShanghai,Shanghai,,2020-12-15 07:18:42.795914,2020-03-27 00:00:00.000000,0.00189455,0.00265086,0.00523422,459,642,1268,245,361,717,0.00101284,0.00149096,0.00296023,0.27524583,0.38076970,0.47596257
0,0,ChinaShanghai,Shanghai,,2020-12-15 07:18:42.795914,2020-03-28 00:00:00.000000,0.00197271,0.00273275,0.00542300,478,662,1314,261,379,755,0.00107804,0.00156407,0.00311514,0.26262111,0.35391324,0.44176959
0,0,ChinaShanghai,Shanghai,,2020-12-15 07:18:42.795914,2020-03-29 00:00:00.000000,0.00203618,0.00282546,0.00559258,493,684,1355,274,395,786,0.00113069,0.00163259,0.00324600,0.25549190,0.33450758,0.43694299
0,0,ChinaShanghai,Shanghai,,2020-12-15 07:18:42.795914,2020-03-30 00:00:00.000000,0.00210825,0.00293035,0.00575228,511,710,1394,283,406,814,0.00117129,0.00167501,0.00336035,0.24742769,0.31554797,0.40118861
0,0,ChinaShanghai,Shanghai,,2020-12-15 07:18:42.795914,2020-03-31 00:00:00.000000,0.00214591,0.00294262,0.00589938,520,713,1430,293,416,839,0.00121153,0.00171809,0.00346486,0.24100367,0.30232645,0.39046789
0,0,ChinaShanghai,Shanghai,,2020-12-15 07:18:42.795914,2020-04-01 00:00:00.000000,0.00218402,0.00296130,0.00603303,529,717,1462,303,427,863,0.00125216,0.00176404,0.00356124,0.22125479,0.29292325,0.38993255
0,0,ChinaShanghai,Shanghai,,2020-12-15 07:18:42.795914,2020-04-02 00:00:00.000000,0.00221684,0.00300682,0.00615047,537,728,1490,310,435,884,0.00128013,0.00179513,0.00364967,0.20044523,0.28987173,0.38209887
0,0,ChinaShanghai,Shanghai,,2020-12-15 07:18:42.795914,2020-04-03 00:00:00.000000,0.00221433,0.00301326,0.00624832,536,730,1514,311,442,903,0.00128342,0.00182356,0.00372919,0.19749887,0.28158199,0.37949213
0,0,ChinaShanghai,Shanghai,,2020-12-15 07:18:42.795914,2020-04-04 00:00:00.000000,0.00222298,0.00301958,0.00632319,538,731,1532,310,448,920,0.00128167,0.00184917,0.00379812,0.19375555,0.27260995,0.33383013
0,0,ChinaShanghai,Shanghai,,2020-12-15 07:18:42.795914,2020-04-05 00:00:00.000000,0.00222473,0.00301638,0.00631867,539,731,1531,309,450,934,0.00127695,0.00185919,0.00385346,0.19026095,0.26128733,0.32697286
0,0,ChinaShanghai,Shanghai,,2020-12-15 07:18:42.795914,2020-04-06 00:00:00.000000,0.00222698,0.00298762,0.00623294,539,724,1510,309,448,943,0.00127685,0.00185119,0.00389354,0.18118993,0.24715426,0.31359821
0,0,ChinaShanghai,Shanghai,,2020-12-15 07:18:42.795914,2020-04-07 00:00:00.000000,0.00220049,0.00296746,0.00612057,533,719,1483,307,444,949,0.00126893,0.00183201,0.00391657,0.17129354,0.23441339,0.30154243
0,0,ChinaShanghai,Shanghai,,2020-12-15 07:18:42.795914,2020-04-08 00:00:00.000000,0.00215168,0.00296267,0.00604163,521,718,1464,303,439,950,0.00125311,0.00181262,0.00392207,0.16299599,0.22220484,0.29598040
0,0,ChinaShanghai,Shanghai,,2020-12-15 07:18:42.795914,2020-04-09 00:00:00.000000,0.00211663,0.00291170,0.00599735,513,705,1453,299,436,947,0.00123725,0.00180172,0.00390970,0.15631049,0.21585369,0.29458341
0,0,ChinaShanghai,Shanghai,,2020-12-15 07:18:42.795914,2020-04-10 00:00:00.000000,0.00209539,0.00289580,0.00594412,507,701,1440,296,436,940,0.00122378,0.00179989,0.00387881,0.13452309,0.20246556,0.29094609
0,0,ChinaShanghai,Shanghai,,2020-12-15 07:18:42.795914,2020-04-11 00:00:00.000000,0.00206628,0.00281932,0.00587221,500,683,1423,292,430,927,0.00120669,0.00177721,0.00382720,0.12167391,0.18877358,0.26244210
0,0,ChinaShanghai,Shanghai,,2020-12-15 07:18:42.795914,2020-04-12 00:00:00.000000,0.00200234,0.00271102,0.00576016,485,657,1396,284,424,909,0.00117261,0.00175099,0.00375004,0.10928110,0.16388594,0.23916897
0,0,ChinaShanghai,Shanghai,,2020-12-15 07:18:42.795914,2020-04-13 00:00:00.000000,0.00190553,0.00257357,0.00557017,461,623,1350,267,408,882,0.00110502,0.00168532,0.00364263,0.08859467,0.14575495,0.22574480
0,0,ChinaShanghai,Shanghai,,2020-12-15 07:18:42.795914,2020-04-14 00:00:00.000000,0.00178765,0.00245355,0.00530232,433,594,1285,255,396,850,0.00105387,0.00163704,0.00351009,0.08261406,0.13626354,0.19966040
0,0,ChinaShanghai,Shanghai,,2020-12-15 07:18:42.795914,2020-04-15 00:00:00.000000,0.00166633,0.00230531,0.00501374,403,558,1215,244,377,813,0.00101047,0.00155821,0.00335683,0.07777213,0.12274169,0.16319004
0,0,ChinaShanghai,Shanghai,,2020-12-15 07:18:42.795914,2020-04-16 00:00:00.000000,0.00154385,0.00214539,0.00471468,374,520,1142,228,358,772,0.00094195,0.00147993,0.00318891,0.07183169,0.11387635,0.14780622
0,0,ChinaShanghai,Shanghai,,2020-12-15 07:18:42.795914,2020-04-17 00:00:00.000000,0.00142522,0.00199931,0.00441099,345,484,1069,212,334,729,0.00087571,0.00138184,0.00301154,0.06957091,0.10534500,0.14007405
0,0,ChinaShanghai,Shanghai,,2020-12-15 07:18:42.795914,2020-04-18 00:00:00.000000,0.00131398,0.00187012,0.00410897,318,453,996,195,315,688,0.00080809,0.00129964,0.00283870,0.06801542,0.10103672,0.13529475
0,0,ChinaShanghai,Shanghai,,2020-12-15 07:18:42.795914,2020-04-19 00:00:00.000000,0.00121135,0.00174998,0.00379913,293,424,920,182,293,643,0.00075333,0.00121136,0.00265568,0.06704306,0.09740701,0.13318182
0,0,ChinaShanghai,Shanghai,,2020-12-15 07:18:42.795914,2020-04-20 00:00:00.000000,0.00110681,0.00163024,0.00348939,268,395,845,169,272,598,0.00069806,0.00112589,0.00246873,0.06684454,0.09625180,0.13251888
0,0,ChinaShanghai,Shanghai,,2020-12-15 07:18:42.795914,2020-04-21 00:00:00.000000,0.00101090,0.00151901,0.00319823,245,368,775,155,253,553,0.00064177,0.00104451,0.00228374,0.06624973,0.09536122,0.13065325
0,0,ChinaShanghai,Shanghai,,2020-12-15 07:18:42.795914,2020-04-22 00:00:00.000000,0.00092288,0.00140859,0.00292733,223,341,709,142,234,511,0.00058947,0.00096771,0.00211026,0.06613191,0.09285582,0.12777677
0,0,ChinaShanghai,Shanghai,,2020-12-15 07:18:42.795914,2020-04-23 00:00:00.000000,0.00083807,0.00130366,0.00267707,203,316,648,132,217,471,0.00054776,0.00089628,0.00194556,0.06512075,0.08981851,0.12572985
0,0,ChinaShanghai,Shanghai,,2020-12-15 07:18:42.795914,2020-04-24 00:00:00.000000,0.00076090,0.00120403,0.00245348,184,291,594,123,202,434,0.00050908,0.00083419,0.00179092,0.06046824,0.08720046,0.12404197
0,0,ChinaShanghai,Shanghai,,2020-12-15 07:18:42.795914,2020-04-25 00:00:00.000000,0.00069108,0.00110962,0.00227888,167,268,552,112,188,398,0.00046329,0.00077656,0.00164584,0.05662704,0.08607637,0.12440622
0,0,ChinaShanghai,Shanghai,,2020-12-15 07:18:42.795914,2020-04-26 00:00:00.000000,0.00062799,0.00102889,0.00210860,152,249,511,101,175,365,0.00042074,0.00072465,0.00150960,0.05445070,0.08257209,0.12686022
0,0,ChinaShanghai,Shanghai,,2020-12-15 07:18:42.795914,2020-04-27 00:00:00.000000,0.00057054,0.00095292,0.00191782,138,230,464,92,162,338,0.00038221,0.00067080,0.00139748,0.05358528,0.08030699,0.12866851
0,0,ChinaShanghai,Shanghai,,2020-12-15 07:18:42.795914,2020-04-28 00:00:00.000000,0.00051878,0.00087748,0.00174208,125,212,422,84,149,318,0.00034725,0.00061848,0.00131308,0.05332364,0.08065380,0.12863390
0,0,ChinaShanghai,Shanghai,,2020-12-15 07:18:42.795914,2020-04-29 00:00:00.000000,0.00047218,0.00080752,0.00159957,114,195,387,76,138,295,0.00031562,0.00057046,0.00121792,0.05329795,0.08040088,0.12735688
0,0,ChinaShanghai,Shanghai,,2020-12-15 07:18:42.795914,2020-04-30 00:00:00.000000,0.00042974,0.00075269,0.00148374,104,182,359,69,127,267,0.00028707,0.00052718,0.00110393,0.05292254,0.07736071,0.12688437
0,0,ChinaShanghai,Shanghai,,2020-12-15 07:18:42.795914,2020-05-01 00:00:00.000000,0.00038934,0.00070295,0.00137510,94,170,333,63,118,242,0.00026120,0.00048913,0.00099995,0.05237141,0.07667037,0.12847942
0,0,ChinaShanghai,Shanghai,,2020-12-15 07:18:42.795914,2020-05-02 00:00:00.000000,0.00035069,0.00065486,0.00126842,85,158,307,57,110,219,0.00023718,0.00045500,0.00090572,0.05240844,0.07653625,0.13150568
0,0,ChinaShanghai,Shanghai,,2020-12-15 07:18:42.795914,2020-05-03 00:00:00.000000,0.00031523,0.00060622,0.00118022,76,146,286,51,101,203,0.00021451,0.00041969,0.00083854,0.05156629,0.07492795,0.13372089
0,0,ChinaShanghai,Shanghai,,2020-12-15 07:18:42.795914,2020-05-04 00:00:00.000000,0.00028526,0.00055663,0.00109562,69,134,265,46,93,188,0.00019338,0.00038757,0.00077783,0.05097601,0.07320840,0.12913113
0,0,ChinaShanghai,Shanghai,,2020-12-15 07:18:42.795914,2020-05-05 00:00:00.000000,0.00025857,0.00051501,0.00101762,62,124,246,42,87,174,0.00017462,0.00036036,0.00072177,0.05063354,0.07365468,0.12719808
0,0,ChinaShanghai,Shanghai,,2020-12-15 07:18:42.795914,2020-05-06 00:00:00.000000,0.00023498,0.00047424,0.00094528,56,114,229,38,80,162,0.00015799,0.00033240,0.00067003,0.05043689,0.07219526,0.12662964
0,0,ChinaShanghai,Shanghai,,2020-12-15 07:18:42.795914,2020-05-07 00:00:00.000000,0.00021285,0.00043998,0.00087670,51,106,212,34,75,150,0.00014327,0.00030963,0.00062218,0.04502580,0.07242905,0.12569119
0,0,ChinaShanghai,Shanghai,,2020-12-15 07:18:42.795914,2020-05-08 00:00:00.000000,0.00019237,0.00041459,0.00081207,46,100,196,31,70,139,0.00013024,0.00029093,0.00057732,0.04071623,0.07230101,0.12377100
0,0,ChinaShanghai,Shanghai,,2020-12-15 07:18:42.795914,2020-05-09 00:00:00.000000,0.00017931,0.00038559,0.00075255,43,93,182,28,66,129,0.00011879,0.00027436,0.00053540,0.03991546,0.07211215,0.12045216
0,0,ChinaShanghai,Shanghai,,2020-12-15 07:18:42.795914,2020-05-10 00:00:00.000000,0.00016483,0.00035949,0.00069802,39,87,169,26,62,120,0.00010865,0.00025976,0.00049642,0.04081517,0.07435254,0.11678141
0,0,ChinaShanghai,Shanghai,,2020-12-15 07:18:42.795914,2020-05-11 00:00:00.000000,0.00015090,0.00033950,0.00065140,36,82,157,24,59,112,0.00009950,0.00024363,0.00046406,0.04202517,0.07493523,0.11727133
0,0,ChinaShanghai,Shanghai,,2020-12-15 07:18:42.795914,2020-05-12 00:00:00.000000,0.00013871,0.00032024,0.00060911,33,77,147,22,55,105,0.00009115,0.00022794,0.00043616,0.04342616,0.07452946,0.11655881
0,0,ChinaShanghai,Shanghai,,2020-12-15 07:18:42.795914,2020-05-13 00:00:00.000000,0.00013004,0.00030506,0.00057088,31,73,138,20,51,99,0.00008357,0.00021451,0.00041051,0.04488013,0.07359628,0.11911557
0,0,ChinaShanghai,Shanghai,,2020-12-15 07:18:42.795914,2020-05-14 00:00:00.000000,0.00012690,0.00028858,0.00053630,30,69,129,18,49,93,0.00007678,0.00020279,0.00038689,0.04646248,0.07379900,0.12049046
0,0,ChinaShanghai,Shanghai,,2020-12-15 07:18:42.795914,2020-05-15 00:00:00.000000,0.00012347,0.00027982,0.00050803,29,67,123,17,46,88,0.00007329,0.00019070,0.00036522,0.04856181,0.07582750,0.12463175
0,0,ChinaShanghai,Shanghai,,2020-12-15 07:18:42.795914,2020-05-16 00:00:00.000000,0.00011347,0.00026763,0.00048405,27,64,117,17,43,83,0.00007109,0.00017877,0.00034552,0.05010324,0.07919908,0.13317212
0,0,ChinaShanghai,Shanghai,,2020-12-15 07:18:42.795914,2020-05-17 00:00:00.000000,0.00010440,0.00025409,0.00046348,25,61,112,16,41,79,0.00006872,0.00017191,0.00032790,0.05011534,0.08089385,0.13866873
0,0,ChinaShanghai,Shanghai,,2020-12-15 07:18:42.795914,2020-05-18 00:00:00.000000,0.00010489,0.00024210,0.00044577,25,58,108,15,39,75,0.00006320,0.00016472,0.00031241,0.04992508,0.08247537,0.14000876
0,0,ChinaShanghai,Shanghai,,2020-12-15 07:18:42.795914,2020-05-19 00:00:00.000000,0.00010615,0.00023124,0.00042996,25,56,104,14,37,72,0.00006108,0.00015612,0.00029890,0.04899528,0.08342163,0.13646961
0,0,ChinaShanghai,Shanghai,,2020-12-15 07:18:42.795914,2020-05-20 00:00:00.000000,0.00010826,0.00022024,0.00041537,26,53,100,14,36,69,0.00006081,0.00014977,0.00028701,0.04812504,0.08461249,0.13746366
0,0,ChinaShanghai,Shanghai,,2020-12-15 07:18:42.795914,2020-05-21 00:00:00.000000,0.00010381,0.00021211,0.00040052,25,51,97,14,34,66,0.00005914,0.00014321,0.00027631,0.05107120,0.08588492,0.14987510
0,0,ChinaShanghai,Shanghai,,2020-12-15 07:18:42.795914,2020-05-22 00:00:00.000000,0.00009969,0.00020389,0.00038576,24,49,93,13,32,64,0.00005633,0.00013545,0.00026615,0.05227848,0.08654844,0.16639411
0,0,ChinaShanghai,Shanghai,,2020-12-15 07:18:42.795914,2020-05-23 00:00:00.000000,0.00009607,0.00019536,0.00037176,23,47,90,13,31,62,0.00005387,0.00012992,0.00025629,0.05194539,0.08737809,0.16709648
0,0,ChinaShanghai,Shanghai,,2020-12-15 07:18:42.795914,2020-05-24 00:00:00.000000,0.00009290,0.00018750,0.00035854,22,45,86,12,30,59,0.00005170,0.00012405,0.00024683,0.05032455,0.08863226,0.17408297
0,0,ChinaShanghai,Shanghai,,2020-12-15 07:18:42.795914,2020-05-25 00:00:00.000000,0.00009510,0.00018103,0.00035538,23,43,86,12,28,57,0.00004980,0.00011841,0.00023784,0.04917429,0.09180239,0.17820549
0,0,ChinaShanghai,Shanghai,,2020-12-15 07:18:42.795914,2020-05-26 00:00:00.000000,0.00009007,0.00017973,0.00034749,21,43,84,12,27,55,0.00005097,0.00011462,0.00022869,0.04843373,0.09283360,0.17902328
0,0,ChinaShanghai,Shanghai,,2020-12-15 07:18:42.795914,2020-05-27 00:00:00.000000,0.00008526,0.00017700,0.00033016,20,42,80,12,26,53,0.00005126,0.00011088,0.00021968,0.04771575,0.09482902,0.17679767
0,0,ChinaShanghai,Shanghai,,2020-12-15 07:18:42.795914,2020-05-28 00:00:00.000000,0.00008457,0.00017435,0.00032420,20,42,78,12,26,52,0.00005185,0.00010909,0.00021641,0.05083010,0.09633152,0.17636096
0,0,ChinaShanghai,Shanghai,,2020-12-15 07:18:42.795914,2020-05-29 00:00:00.000000,0.00007989,0.00017543,0.00032321,19,42,78,11,26,52,0.00004912,0.00010841,0.00021470,0.05277675,0.09629308,0.17704465
0,0,ChinaShanghai,Shanghai,,2020-12-15 07:18:42.795914,2020-05-30 00:00:00.000000,0.00007573,0.00017451,0.00032239,18,42,78,12,25,51,0.00005149,0.00010702,0.00021294,0.05278105,0.09803380,0.17508721
0,0,ChinaShanghai,Shanghai,,2020-12-15 07:18:42.795914,2020-05-31 00:00:00.000000,0.00007200,0.00017131,0.00032186,17,41,78,11,25,49,0.00004934,0.00010514,0.00020337,0.05281950,0.09959376,0.17173219
0,0,ChinaShanghai,Shanghai,,2020-12-15 07:18:42.795914,2020-06-01 00:00:00.000000,0.00007032,0.00017092,0.00031997,17,41,77,11,25,47,0.00004675,0.00010531,0.00019581,0.05676340,0.10227473,0.17455793
0,0,ChinaShanghai,Shanghai,,2020-12-15 07:18:42.795914,2020-06-02 00:00:00.000000,0.00006902,0.00017153,0.00031924,16,41,77,10,25,47,0.00004505,0.00010437,0.00019498,0.05701717,0.10423265,0.18282475
0,0,ChinaShanghai,Shanghai,,2020-12-15 07:18:42.795914,2020-06-03 00:00:00.000000,0.00006806,0.00017457,0.00032004,16,42,77,10,25,47,0.00004388,0.00010450,0.00019434,0.06004927,0.10584907,0.19760460
0,0,ChinaShanghai,Shanghai,,2020-12-15 07:18:42.795914,2020-06-04 00:00:00.000000,0.00006734,0.00017995,0.00032210,16,43,78,10,25,47,0.00004306,0.00010447,0.00019433,0.05941769,0.10700962,0.20679046
0,0,ChinaShanghai,Shanghai,,2020-12-15 07:18:42.795914,2020-06-05 00:00:00.000000,0.00006685,0.00018008,0.00033460,16,43,81,10,25,47,0.00004248,0.00010580,0.00019506,0.05919075,0.10866927,0.20931859
0,0,ChinaShanghai,Shanghai,,2020-12-15 07:18:42.795914,2020-06-06 00:00:00.000000,0.00006648,0.00017780,0.00033619,16,43,81,10,26,47,0.00004204,0.00010730,0.00019633,0.05952880,0.11097589,0.20689178
0,0,ChinaShanghai,Shanghai,,2020-12-15 07:18:42.795914,2020-06-07 00:00:00.000000,0.00006623,0.00017510,0.00033770,16,42,81,10,26,49,0.00004171,0.00010784,0.00020558,0.06054221,0.11380116,0.20319150
0,0,ChinaShanghai,Shanghai,,2020-12-15 07:18:42.795914,2020-06-08 00:00:00.000000,0.00008074,0.00017776,0.00033667,19,43,81,9,26,50,0.00004095,0.00010868,0.00020647,0.06242261,0.11526300,0.20451455
0,0,ChinaShanghai,Shanghai,,2020-12-15 07:18:42.795914,2020-06-09 00:00:00.000000,0.00009538,0.00017907,0.00033513,23,43,81,11,26,50,0.00004648,0.00010821,0.00020651,0.06493788,0.11714968,0.20468516
0,0,ChinaShanghai,Shanghai,,2020-12-15 07:18:42.795914,2020-06-10 00:00:00.000000,0.00009884,0.00018249,0.00033293,23,44,80,13,26,49,0.00005405,0.00010915,0.00020594,0.06727559,0.11924779,0.20455817
0,0,ChinaShanghai,Shanghai,,2020-12-15 07:18:42.795914,2020-06-11 00:00:00.000000,0.00009731,0.00018612,0.00033023,23,45,80,14,26,49,0.00005970,0.00011042,0.00020491,0.06898459,0.12008577,0.20433047
0,0,ChinaShanghai,Shanghai,,2020-12-15 07:18:42.795914,2020-06-12 00:00:00.000000,0.00009592,0.00018500,0.00032774,23,44,79,14,27,49,0.00005878,0.00011484,0.00020350,0.07047960,0.11989376,0.20372333
0,0,ChinaShanghai,Shanghai,,2020-12-15 07:18:42.795914,2020-06-13 00:00:00.000000,0.00009471,0.00018876,0.00032574,22,45,78,14,27,49,0.00005791,0.00011277,0.00020390,0.07699913,0.12413174,0.20282965
0,0,ChinaShanghai,Shanghai,,2020-12-15 07:18:42.795914,2020-06-14 00:00:00.000000,0.00009371,0.00019125,0.00032452,22,46,78,13,27,49,0.00005712,0.00011331,0.00020270,0.07899538,0.12607468,0.20164324
0,0,ChinaShanghai,Shanghai,,2020-12-15 07:18:42.795914,2020-06-15 00:00:00.000000,0.00009298,0.00018809,0.00032063,22,45,77,13,27,50,0.00005644,0.00011257,0.00020878,0.07830088,0.12682183,0.21145649
0,0,ChinaShanghai,Shanghai,,2020-12-15 07:18:42.795914,2020-06-16 00:00:00.000000,0.00009709,0.00018724,0.00031721,23,45,76,13,27,50,0.00005528,0.00011343,0.00020954,0.08011783,0.12968866,0.21634949
0,0,ChinaShanghai,Shanghai,,2020-12-15 07:18:42.795914,2020-06-17 00:00:00.000000,0.00010107,0.00018903,0.00031364,24,45,76,13,27,50,0.00005729,0.00011396,0.00020931,0.08005507,0.13131532,0.21901975
0,0,ChinaShanghai,Shanghai,,2020-12-15 07:18:42.795914,2020-06-18 00:00:00.000000,0.00010478,0.00018934,0.00030979,25,45,75,14,27,50,0.00005969,0.00011506,0.00020864,0.08366176,0.13509416,0.22112832
0,0,ChinaShanghai,Shanghai,,2020-12-15 07:18:42.795914,2020-06-19 00:00:00.000000,0.00010819,0.00018977,0.00030661,26,46,74,15,27,50,0.00006196,0.00011506,0.00020790,0.08361181,0.13679716,0.22266545
0,0,ChinaShanghai,Shanghai,,2020-12-15 07:18:42.795914,2020-06-20 00:00:00.000000,0.00010832,0.00018659,0.00031635,26,45,76,15,27,50,0.00006408,0.00011309,0.00020729,0.08370986,0.13531298,0.22368002
0,0,ChinaShanghai,Shanghai,,2020-12-15 07:18:42.795914,2020-06-21 00:00:00.000000,0.00010716,0.00018516,0.00032575,25,44,78,15,26,50,0.00006402,0.00011093,0.00020636,0.08233971,0.13895252,0.22204699
0,0,ChinaShanghai,Shanghai,,2020-12-15 07:18:42.795914,2020-06-22 00:00:00.000000,0.00010874,0.00018873,0.00032302,26,45,78,15,27,49,0.00006283,0.00011147,0.00020532,0.08361372,0.14455581,0.22432758
0,0,ChinaShanghai,Shanghai,,2020-12-15 07:18:42.795914,2020-06-23 00:00:00.000000,0.00010319,0.00018864,0.00031993,25,45,77,15,26,49,0.00006401,0.00011127,0.00020604,0.08496868,0.14741562,0.22740058
0,0,ChinaShanghai,Shanghai,,2020-12-15 07:18:42.795914,2020-06-24 00:00:00.000000,0.00009735,0.00018818,0.00032311,23,45,78,15,26,50,0.00006247,0.00011093,0.00020780,0.08514980,0.14872983,0.22818168
0,0,ChinaShanghai,Shanghai,,2020-12-15 07:18:42.795914,2020-06-25 00:00:00.000000,0.00009333,0.00018703,0.00035045,22,45,84,14,27,50,0.00006091,0.00011283,0.00021017,0.08971883,0.15154420,0.23164905
0,0,ChinaShanghai,Shanghai,,2020-12-15 07:18:42.795914,2020-06-26 00:00:00.000000,0.00009339,0.00018766,0.00037160,22,45,90,13,27,51,0.00005754,0.00011308,0.00021287,0.09324948,0.15390547,0.23422297
0,0,ChinaShanghai,Shanghai,,2020-12-15 07:18:42.795914,2020-06-27 00:00:00.000000,0.00009374,0.00019081,0.00037667,22,46,91,13,27,52,0.00005425,0.00011387,0.00021576,0.09678513,0.15921413,0.23810727
0,0,ChinaShanghai,Shanghai,,2020-12-15 07:18:42.795914,2020-06-28 00:00:00.000000,0.00009448,0.00019421,0.00037540,22,47,90,12,27,53,0.00005141,0.00011436,0.00022082,0.09970042,0.16406951,0.24099569
0,0,ChinaShanghai,Shanghai,,2020-12-15 07:18:42.795914,2020-06-29 00:00:00.000000,0.00009311,0.00019577,0.00036782,22,47,89,12,27,55,0.00005168,0.00011548,0.00022947,0.09961451,0.16572327,0.24960784
0,0,ChinaShanghai,Shanghai,,2020-12-15 07:18:42.795914,2020-06-30 00:00:00.000000,0.00009181,0.00019530,0.00036098,22,47,87,12,27,56,0.00005142,0.00011527,0.00023271,0.09941388,0.16700002,0.25137875
0,0,ChinaShanghai,Shanghai,,2020-12-15 07:18:42.795914,2020-07-01 00:00:00.000000,0.00009051,0.00019161,0.00035468,21,46,85,12,28,57,0.00005089,0.00011640,0.00023555,0.09971682,0.16972191,0.25341252
0,0,ChinaShanghai,Shanghai,,2020-12-15 07:18:42.795914,2020-07-02 00:00:00.000000,0.00008933,0.00019111,0.00035691,21,46,86,12,28,56,0.00005025,0.00011741,0.00023172,0.10313036,0.17169545,0.25579912
0,0,ChinaShanghai,Shanghai,,2020-12-15 07:18:42.795914,2020-07-03 00:00:00.000000,0.00008834,0.00019436,0.00036205,21,47,87,12,28,54,0.00004960,0.00011621,0.00022586,0.11214213,0.17803626,0.25916955
0,0,ChinaShanghai,Shanghai,,2020-12-15 07:18:42.795914,2020-07-04 00:00:00.000000,0.00008755,0.00019922,0.00036226,21,48,87,11,28,54,0.00004901,0.00011824,0.00022472,0.11937008,0.18077028,0.27254414
0,0,ChinaShanghai,Shanghai,,2020-12-15 07:18:42.795914,2020-07-05 00:00:00.000000,0.00008699,0.00020440,0.00035484,21,49,86,11,28,54,0.00004851,0.00011932,0.00022427,0.12365093,0.19125598,0.29126953
0,0,ChinaShanghai,Shanghai,,2020-12-15 07:18:42.795914,2020-07-06 00:00:00.000000,0.00009579,0.00020914,0.00035568,23,50,86,11,29,54,0.00004809,0.00012103,0.00022365,0.12971415,0.20229339,0.29216696
0,0,ChinaShanghai,Shanghai,,2020-12-15 07:18:42.795914,2020-07-07 00:00:00.000000,0.00009722,0.00021083,0.00038784,23,51,94,12,30,55,0.00005049,0.00012525,0.00022931,0.13029924,0.20433223,0.29581905
0,0,ChinaShanghai,Shanghai,,2020-12-15 07:18:42.795914,2020-07-08 00:00:00.000000,0.00010241,0.00022127,0.00039931,24,53,96,13,31,57,0.00005439,0.00012790,0.00023522,0.13134820,0.20425858,0.30681014
0,0,ChinaShanghai,Shanghai,,2020-12-15 07:18:42.795914,2020-07-09 00:00:00.000000,0.00011071,0.00022962,0.00040869,26,55,99,14,32,57,0.00005895,0.00013310,0.00023855,0.13441432,0.21052993,0.29916883
0,0,ChinaShanghai,Shanghai,,2020-12-15 07:18:42.795914,2020-07-10 00:00:00.000000,0.00011897,0.00023891,0.00041813,28,57,101,15,33,60,0.00006380,0.00013914,0.00024945,0.14273452,0.21765951,0.32150043
0,0,ChinaShanghai,Shanghai,,2020-12-15 07:18:42.795914,2020-07-11 00:00:00.000000,0.00012730,0.00024196,0.00042761,30,58,103,16,34,65,0.00006880,0.00014266,0.00026881,0.14760348,0.22068684,0.32970085
0,0,ChinaShanghai,Shanghai,,2020-12-15 07:18:42.795914,2020-07-12 00:00:00.000000,0.00013564,0.00024818,0.00043710,32,60,105,17,35,69,0.00007394,0.00014562,0.00028566,0.14812525,0.23303386,0.33203732
0,0,ChinaShanghai,Shanghai,,2020-12-15 07:18:42.795914,2020-07-13 00:00:00.000000,0.00014373,0.00025816,0.00045268,34,62,109,19,36,71,0.00007897,0.00014934,0.00029319,0.14884033,0.23797053,0.37173753
0,0,ChinaShanghai,Shanghai,,2020-12-15 07:18:42.795914,2020-07-14 00:00:00.000000,0.00015212,0.00027300,0.00046582,36,66,112,19,37,73,0.00008176,0.00015486,0.00030182,0.14985457,0.24231450,0.37782717
0,0,ChinaShanghai,Shanghai,,2020-12-15 07:18:42.795914,2020-07-15 00:00:00.000000,0.00015345,0.00028709,0.00047636,37,69,115,20,38,75,0.00008295,0.00015913,0.00031073,0.15136429,0.24937892,0.38190540
0,0,ChinaShanghai,Shanghai,,2020-12-15 07:18:42.795914,2020-07-16 00:00:00.000000,0.00016390,0.00029667,0.00048628,39,71,117,20,40,76,0.00008373,0.00016638,0.00031404,0.15506623,0.25404200,0.41711592
0,0,ChinaShanghai,Shanghai,,2020-12-15 07:18:42.795914,2020-07-17 00:00:00.000000,0.00018069,0.00030509,0.00049711,43,73,120,21,42,76,0.00009067,0.00017378,0.00031639,0.16678199,0.26370356,0.44125960
0,0,ChinaShanghai,Shanghai,,2020-12-15 07:18:42.795914,2020-07-18 00:00:00.000000,0.00018237,0.00031650,0.00050982,44,76,123,24,43,77,0.00010021,0.00017869,0.00031822,0.16845862,0.27796149,0.45143335
0,0,ChinaShanghai,Shanghai,,2020-12-15 07:18:42.795914,2020-07-19 00:00:00.000000,0.00017474,0.00032592,0.00055658,42,79,134,26,44,78,0.00011023,0.00018376,0.00032186,0.17234264,0.28548547,0.45484421
0,0,ChinaShanghai,Shanghai,,2020-12-15 07:18:42.795914,2020-07-20 00:00:00.000000,0.00018493,0.00034246,0.00058635,44,83,142,27,46,79,0.00011177,0.00019142,0.00032946,0.18774749,0.29496615,0.45588523
0,0,ChinaShanghai,Shanghai,,2020-12-15 07:18:42.795914,2020-07-21 00:00:00.000000,0.00020051,0.00036275,0.00059909,48,87,145,26,48,81,0.00011116,0.00019953,0.00033736,0.19534709,0.29990600,0.49436936
0,0,ChinaShanghai,Shanghai,,2020-12-15 07:18:42.795914,2020-07-22 00:00:00.000000,0.00021698,0.00038217,0.00061568,52,92,149,27,49,83,0.00011279,0.00020461,0.00034528,0.20328578,0.30649354,0.49189536
0,0,ChinaShanghai,Shanghai,,2020-12-15 07:18:42.795914,2020-07-23 00:00:00.000000,0.00023275,0.00039459,0.00063155,56,95,153,28,53,87,0.00011567,0.00021867,0.00036259,0.21304989,0.31137176,0.48805395
0,0,ChinaShanghai,Shanghai,,2020-12-15 07:18:42.795914,2020-07-24 00:00:00.000000,0.00024093,0.00041737,0.00067224,58,101,162,29,57,93,0.00012163,0.00023536,0.00038575,0.22393548,0.32683612,0.50467593
0,0,ChinaShanghai,Shanghai,,2020-12-15 07:18:42.795914,2020-07-25 00:00:00.000000,0.00025039,0.00043899,0.00073652,60,106,178,31,58,96,0.00013105,0.00024339,0.00039637,0.22930543,0.33852266,0.51091872
0,0,ChinaShanghai,Shanghai,,2020-12-15 07:18:42.795914,2020-07-26 00:00:00.000000,0.00025471,0.00047097,0.00080456,61,114,195,32,60,100,0.00013586,0.00025130,0.00041342,0.23088187,0.35490761,0.51951283
0,0,ChinaShanghai,Shanghai,,2020-12-15 07:18:42.795914,2020-07-27 00:00:00.000000,0.00027605,0.00050252,0.00086498,66,121,209,33,63,109,0.00013771,0.00026323,0.00045160,0.23124828,0.36395511,0.52933784
0,0,ChinaShanghai,Shanghai,,2020-12-15 07:18:42.795914,2020-07-28 00:00:00.000000,0.00030451,0.00053550,0.00092959,73,129,225,36,68,118,0.00015137,0.00028071,0.00048986,0.23149057,0.36839716,0.53610793
0,0,ChinaShanghai,Shanghai,,2020-12-15 07:18:42.795914,2020-07-29 00:00:00.000000,0.00034546,0.00056342,0.00099941,83,136,242,41,72,128,0.00017323,0.00030009,0.00052841,0.24893310,0.37468048,0.53814551
0,0,ChinaShanghai,Shanghai,,2020-12-15 07:18:42.795914,2020-07-30 00:00:00.000000,0.00036439,0.00059183,0.00108696,88,143,263,46,77,138,0.00019347,0.00031963,0.00057164,0.26348014,0.38462363,0.54053309
0,0,ChinaShanghai,Shanghai,,2020-12-15 07:18:42.795914,2020-07-31 00:00:00.000000,0.00037945,0.00063714,0.00115305,91,154,279,50,83,151,0.00020987,0.00034508,0.00062575,0.26433267,0.39315682,0.54544889
0,0,ChinaShanghai,Shanghai,,2020-12-15 07:18:42.795914,2020-08-01 00:00:00.000000,0.00040997,0.00066957,0.00122250,99,162,296,53,89,161,0.00022247,0.00036977,0.00066737,0.26452603,0.39723315,0.54712444
0,0,ChinaShanghai,Shanghai,,2020-12-15 07:18:42.795914,2020-08-02 00:00:00.000000,0.00044038,0.00071010,0.00129667,106,172,314,59,94,170,0.00024348,0.00039168,0.00070411,0.26583503,0.40391215,0.54363241
0,0,ChinaShanghai,Shanghai,,2020-12-15 07:18:42.795914,2020-08-03 00:00:00.000000,0.00048060,0.00077865,0.00137910,116,188,334,61,102,179,0.00025263,0.00042417,0.00074059,0.28146743,0.40608863,0.57286575
0,0,ChinaShanghai,Shanghai,,2020-12-15 07:18:42.795914,2020-08-04 00:00:00.000000,0.00049840,0.00084747,0.00146717,120,205,355,64,110,190,0.00026517,0.00045452,0.00078659,0.29703297,0.40165007,0.57869828
0,0,ChinaShanghai,Shanghai,,2020-12-15 07:18:42.795914,2020-08-05 00:00:00.000000,0.00052535,0.00091496,0.00156074,127,221,378,68,118,202,0.00028144,0.00049050,0.00083607,0.30081888,0.39475148,0.57969734
0,0,ChinaShanghai,Shanghai,,2020-12-15 07:18:42.795914,2020-08-06 00:00:00.000000,0.00056062,0.00098698,0.00165974,135,239,402,72,127,215,0.00030035,0.00052578,0.00088712,0.30926394,0.38862463,0.57979067
0,0,ChinaShanghai,Shanghai,,2020-12-15 07:18:42.795914,2020-08-07 00:00:00.000000,0.00059854,0.00105682,0.00176306,145,256,427,77,135,227,0.00032081,0.00056007,0.00093951,0.30834749,0.38317912,0.57957778
0,0,ChinaShanghai,Shanghai,,2020-12-15 07:18:42.795914,2020-08-08 00:00:00.000000,0.00063854,0.00112806,0.00188138,154,273,456,83,146,240,0.00034258,0.00060371,0.00099266,0.29102146,0.37871177,0.57873939
0,0,ChinaShanghai,Shanghai,,2020-12-15 07:18:42.795914,2020-08-09 00:00:00.000000,0.00068466,0.00119929,0.00204678,165,290,496,88,158,257,0.00036569,0.00065373,0.00106221,0.27931056,0.36418253,0.54780824
0,0,ChinaShanghai,Shanghai,,2020-12-15 07:18:42.795914,2020-08-10 00:00:00.000000,0.00072791,0.00125540,0.00222366,176,304,539,96,167,277,0.00039723,0.00069268,0.00114611,0.26766374,0.34259719,0.53625572
0,0,ChinaShanghai,Shanghai,,2020-12-15 07:18:42.795914,2020-08-11 00:00:00.000000,0.00077076,0.00130228,0.00241416,186,315,585,104,175,299,0.00043234,0.00072353,0.00123742,0.25820531,0.33445820,0.49660655
0,0,ChinaShanghai,Shanghai,,2020-12-15 07:18:42.795914,2020-08-12 00:00:00.000000,0.00081242,0.00134591,0.00261332,196,326,633,110,181,324,0.00045538,0.00075064,0.00133947,0.23881921,0.32841109,0.47729229
0,0,ChinaShanghai,Shanghai,,2020-12-15 07:18:42.795914,2020-08-13 00:00:00.000000,0.00083410,0.00137061,0.00275304,202,332,667,112,189,352,0.00046458,0.00078074,0.00145225,0.22237867,0.31396130,0.46518961
0,0,ChinaShanghai,Shanghai,,2020-12-15 07:18:42.795914,2020-08-14 00:00:00.000000,0.00084911,0.00139524,0.00278671,205,338,675,115,193,375,0.00047486,0.00080017,0.00155098,0.22102996,0.30287206,0.44251217
0,0,ChinaShanghai,Shanghai,,2020-12-15 07:18:42.795914,2020-08-15 00:00:00.000000,0.00087180,0.00141221,0.00280141,211,342,679,119,198,390,0.00049385,0.00081989,0.00161088,0.21816586,0.28231175,0.37773443
0,0,ChinaShanghai,Shanghai,,2020-12-15 07:18:42.795914,2020-08-16 00:00:00.000000,0.00088900,0.00141309,0.00280713,215,342,680,123,202,402,0.00051077,0.00083629,0.00166018,0.21001179,0.26830877,0.37235033
0,0,ChinaShanghai,Shanghai,,2020-12-15 07:18:42.795914,2020-08-17 00:00:00.000000,0.00090194,0.00141669,0.00281383,218,343,682,127,204,415,0.00052548,0.00084506,0.00171391,0.19337385,0.25332730,0.35846671
0,0,ChinaShanghai,Shanghai,,2020-12-15 07:18:42.795914,2020-08-18 00:00:00.000000,0.00091304,0.00141839,0.00281188,221,343,681,130,205,421,0.00053835,0.00084802,0.00173987,0.18128869,0.23921830,0.33830089
0,0,ChinaShanghai,Shanghai,,2020-12-15 07:18:42.795914,2020-08-19 00:00:00.000000,0.00090855,0.00139674,0.00280235,220,338,679,133,207,424,0.00055006,0.00085736,0.00174943,0.17216031,0.23238161,0.31770520
0,0,ChinaShanghai,Shanghai,,2020-12-15 07:18:42.795914,2020-08-20 00:00:00.000000,0.00090555,0.00137295,0.00278763,219,332,675,135,205,423,0.00055747,0.00084903,0.00174909,0.16840666,0.22634153,0.30836972
0,0,ChinaShanghai,Shanghai,,2020-12-15 07:18:42.795914,2020-08-21 00:00:00.000000,0.00091427,0.00136188,0.00276982,221,330,671,134,205,422,0.00055463,0.00084677,0.00174152,0.16624929,0.21851407,0.29551008
0,0,ChinaShanghai,Shanghai,,2020-12-15 07:18:42.795914,2020-08-22 00:00:00.000000,0.00091998,0.00135854,0.00275012,223,329,666,133,204,418,0.00054988,0.00084324,0.00172717,0.16422809,0.20994961,0.28669915
0,0,ChinaShanghai,Shanghai,,2020-12-15 07:18:42.795914,2020-08-23 00:00:00.000000,0.00089842,0.00133875,0.00272928,217,324,661,131,201,413,0.00054257,0.00083083,0.00170615,0.15728521,0.20309113,0.28014980
0,0,ChinaShanghai,Shanghai,,2020-12-15 07:18:42.795914,2020-08-24 00:00:00.000000,0.00086874,0.00130258,0.00271312,210,315,657,129,196,407,0.00053314,0.00080887,0.00167948,0.15007222,0.20046001,0.27933691
0,0,ChinaShanghai,Shanghai,,2020-12-15 07:18:42.795914,2020-08-25 00:00:00.000000,0.00083898,0.00126014,0.00269674,203,305,653,126,191,399,0.00052105,0.00079095,0.00164870,0.14833782,0.19874301,0.27080920
0,0,ChinaShanghai,Shanghai,,2020-12-15 07:18:42.795914,2020-08-26 00:00:00.000000,0.00080957,0.00124338,0.00268017,196,301,649,122,189,394,0.00050443,0.00078032,0.00162592,0.14465530,0.19744927,0.27026210
0,0,ChinaShanghai,Shanghai,,2020-12-15 07:18:42.795914,2020-08-27 00:00:00.000000,0.00078054,0.00120401,0.00265883,189,291,644,118,184,391,0.00048737,0.00076185,0.00161600,0.13759481,0.19671333,0.26610040
0,0,ChinaShanghai,Shanghai,,2020-12-15 07:18:42.795914,2020-08-28 00:00:00.000000,0.00075196,0.00117449,0.00260954,182,284,632,115,179,388,0.00047730,0.00073855,0.00160472,0.13388581,0.19452532,0.26101570
0,0,ChinaShanghai,Shanghai,,2020-12-15 07:18:42.795914,2020-08-29 00:00:00.000000,0.00072529,0.00114960,0.00253576,175,278,614,112,176,384,0.00046436,0.00072691,0.00158456,0.13255766,0.19259921,0.25609954
0,0,ChinaShanghai,Shanghai,,2020-12-15 07:18:42.795914,2020-08-30 00:00:00.000000,0.00071368,0.00112095,0.00245281,172,271,594,108,173,376,0.00044834,0.00071698,0.00155242,0.13248196,0.19121910,0.26182808
0,0,ChinaShanghai,Shanghai,,2020-12-15 07:18:42.795914,2020-08-31 00:00:00.000000,0.00070184,0.00110178,0.00235552,170,267,570,104,169,366,0.00043272,0.00069760,0.00151287,0.13598119,0.19029051,0.26864100
0,0,ChinaShanghai,Shanghai,,2020-12-15 07:18:42.795914,2020-09-01 00:00:00.000000,0.00068629,0.00108125,0.00226165,166,262,548,101,164,355,0.00041895,0.00067930,0.00146632,0.13496516,0.19007349,0.28166159
0,0,ChinaShanghai,Shanghai,,2020-12-15 07:18:42.795914,2020-09-02 00:00:00.000000,0.00067493,0.00107096,0.00217148,163,259,526,98,161,342,0.00040643,0.00066593,0.00141421,0.13584322,0.18981913,0.29028638
0,0,ChinaShanghai,Shanghai,,2020-12-15 07:18:42.795914,2020-09-03 00:00:00.000000,0.00066673,0.00103546,0.00208499,161,250,505,95,157,331,0.00039497,0.00065112,0.00136622,0.13769215,0.18785468,0.28141128
0,0,ChinaShanghai,Shanghai,,2020-12-15 07:18:42.795914,2020-09-04 00:00:00.000000,0.00065991,0.00100384,0.00200226,159,243,485,93,153,319,0.00038421,0.00063525,0.00131662,0.14036964,0.18747433,0.27568911
0,0,ChinaShanghai,Shanghai,,2020-12-15 07:18:42.795914,2020-09-05 00:00:00.000000,0.00064568,0.00098069,0.00192395,156,237,466,90,151,307,0.00037540,0.00062545,0.00126996,0.14512922,0.19278310,0.27842143
0,0,ChinaShanghai,Shanghai,,2020-12-15 07:18:42.795914,2020-09-06 00:00:00.000000,0.00061739,0.00098699,0.00187297,149,239,454,88,148,299,0.00036393,0.00061071,0.00123365,0.14863599,0.19911263,0.28012624
0,0,ChinaShanghai,Shanghai,,2020-12-15 07:18:42.795914,2020-09-07 00:00:00.000000,0.00062580,0.00096420,0.00185951,151,233,450,85,145,292,0.00035433,0.00060204,0.00120577,0.14903797,0.20222809,0.28108104
0,0,ChinaShanghai,Shanghai,,2020-12-15 07:18:42.795914,2020-09-08 00:00:00.000000,0.00061050,0.00095506,0.00184784,147,231,447,83,143,287,0.00034467,0.00059136,0.00118430,0.14958468,0.20385349,0.28159439
0,0,ChinaShanghai,Shanghai,,2020-12-15 07:18:42.795914,2020-09-09 00:00:00.000000,0.00060070,0.00093660,0.00183583,145,227,445,81,140,282,0.00033498,0.00057864,0.00116720,0.15102816,0.20941553,0.28192384
0,0,ChinaShanghai,Shanghai,,2020-12-15 07:18:42.795914,2020-09-10 00:00:00.000000,0.00059541,0.00091782,0.00182079,144,222,441,78,137,279,0.00032540,0.00056703,0.00115438,0.15492625,0.21245951,0.29012941
0,0,ChinaShanghai,Shanghai,,2020-12-15 07:18:42.795914,2020-09-11 00:00:00.000000,0.00057276,0.00090616,0.00179928,138,219,436,77,135,278,0.00031917,0.00056094,0.00114848,0.15861217,0.21430991,0.29648706
0,0,ChinaShanghai,Shanghai,,2020-12-15 07:18:42.795914,2020-09-12 00:00:00.000000,0.00056311,0.00089998,0.00175594,136,218,425,76,134,272,0.00031559,0.00055336,0.00112433,0.15918721,0.21828821,0.30166645
0,0,ChinaShanghai,Shanghai,,2020-12-15 07:18:42.795914,2020-09-13 00:00:00.000000,0.00054336,0.00090620,0.00174519,131,219,423,76,132,265,0.00031366,0.00054772,0.00109711,0.15851729,0.22135153,0.30224364
0,0,ChinaShanghai,Shanghai,,2020-12-15 07:18:42.795914,2020-09-14 00:00:00.000000,0.00054620,0.00090113,0.00171765,132,218,416,76,132,259,0.00031408,0.00054529,0.00107167,0.15665756,0.22506251,0.29505249
0,0,ChinaShanghai,Shanghai,,2020-12-15 07:18:42.795914,2020-09-15 00:00:00.000000,0.00054073,0.00089449,0.00168699,131,216,408,77,131,255,0.00031839,0.00054383,0.00105526,0.15585744,0.22571180,0.29857539
0,0,ChinaShanghai,Shanghai,,2020-12-15 07:18:42.795914,2020-09-16 00:00:00.000000,0.00053870,0.00088915,0.00168068,130,215,407,76,131,253,0.00031358,0.00054148,0.00104411,0.15564098,0.22458244,0.30209620
0,0,ChinaShanghai,Shanghai,,2020-12-15 07:18:42.795914,2020-09-17 00:00:00.000000,0.00054212,0.00089152,0.00168028,131,216,407,74,129,251,0.00030600,0.00053621,0.00103671,0.15608463,0.22539194,0.30537980
0,0,ChinaShanghai,Shanghai,,2020-12-15 07:18:42.795914,2020-09-18 00:00:00.000000,0.00054559,0.00089367,0.00168606,132,216,408,72,129,250,0.00029835,0.00053479,0.00103312,0.15801617,0.22719274,0.31241223
0,0,ChinaShanghai,Shanghai,,2020-12-15 07:18:42.795914,2020-09-19 00:00:00.000000,0.00054913,0.00089398,0.00169801,133,216,411,70,129,250,0.00029120,0.00053595,0.00103334,0.16502647,0.23191111,0.32272300
0,0,ChinaShanghai,Shanghai,,2020-12-15 07:18:42.795914,2020-09-20 00:00:00.000000,0.00055325,0.00089950,0.00171558,134,218,415,70,131,251,0.00029212,0.00054186,0.00103741,0.17813077,0.23357543,0.31631481
0,0,ChinaShanghai,Shanghai,,2020-12-15 07:18:42.795914,2020-09-21 00:00:00.000000,0.00056013,0.00090918,0.00172627,135,220,418,71,131,253,0.00029405,0.00054388,0.00104519,0.18030427,0.23647453,0.32163292
0,0,ChinaShanghai,Shanghai,,2020-12-15 07:18:42.795914,2020-09-22 00:00:00.000000,0.00056951,0.00091393,0.00174060,138,221,421,71,132,253,0.00029677,0.00054523,0.00104522,0.18733093,0.23760238,0.32878380
0,0,ChinaShanghai,Shanghai,,2020-12-15 07:18:42.795914,2020-09-23 00:00:00.000000,0.00057996,0.00092741,0.00175697,140,224,425,72,132,254,0.00030060,0.00054690,0.00104836,0.18819142,0.24506828,0.33443928
0,0,ChinaShanghai,Shanghai,,2020-12-15 07:18:42.795914,2020-09-24 00:00:00.000000,0.00058028,0.00093264,0.00177502,140,226,430,74,132,256,0.00030638,0.00054719,0.00105897,0.19005659,0.24991460,0.34178944
0,0,ChinaShanghai,Shanghai,,2020-12-15 07:18:42.795914,2020-09-25 00:00:00.000000,0.00059158,0.00093701,0.00179462,143,227,435,76,134,260,0.00031496,0.00055687,0.00107425,0.19394830,0.24886898,0.34646486
0,0,ChinaShanghai,Shanghai,,2020-12-15 07:18:42.795914,2020-09-26 00:00:00.000000,0.00061368,0.00094458,0.00181596,148,228,440,79,136,264,0.00032615,0.00056465,0.00109211,0.19884721,0.25564546,0.34929543
0,0,ChinaShanghai,Shanghai,,2020-12-15 07:18:42.795914,2020-09-27 00:00:00.000000,0.00063586,0.00094353,0.00183907,154,228,445,82,137,267,0.00033939,0.00056805,0.00110487,0.20101580,0.26138468,0.35080679
0,0,ChinaShanghai,Shanghai,,2020-12-15 07:18:42.795914,2020-09-28 00:00:00.000000,0.00064036,0.00094133,0.00185642,155,228,449,85,138,271,0.00035403,0.00057237,0.00111858,0.19722584,0.26662739,0.35069879
0,0,ChinaShanghai,Shanghai,,2020-12-15 07:18:42.795914,2020-09-29 00:00:00.000000,0.00063456,0.00094858,0.00187464,153,229,454,87,137,274,0.00036021,0.00056651,0.00113061,0.20265588,0.27367336,0.35873146
0,0,ChinaShanghai,Shanghai,,2020-12-15 07:18:42.795914,2020-09-30 00:00:00.000000,0.00062867,0.00096942,0.00189331,152,234,458,87,138,276,0.00036284,0.00057342,0.00114206,0.20435276,0.27401454,0.37358084
0,0,ChinaShanghai,Shanghai,,2020-12-15 07:18:42.795914,2020-10-01 00:00:00.000000,0.00062278,0.00099659,0.00191300,150,241,463,88,140,279,0.00036510,0.00057883,0.00115346,0.20325518,0.27362952,0.38830016
0,0,ChinaShanghai,Shanghai,,2020-12-15 07:18:42.795914,2020-10-02 00:00:00.000000,0.00061693,0.00100206,0.00193482,149,242,468,88,143,282,0.00036707,0.00059091,0.00116526,0.20558984,0.27707059,0.40028237
0,0,ChinaShanghai,Shanghai,,2020-12-15 07:18:42.795914,2020-10-03 00:00:00.000000,0.00061115,0.00101773,0.00195314,148,246,473,89,145,285,0.00036842,0.00059952,0.00117599,0.20429647,0.28460128,0.40312312
0,0,ChinaShanghai,Shanghai,,2020-12-15 07:18:42.795914,2020-10-04 00:00:00.000000,0.00061000,0.00103445,0.00197845,147,250,479,89,146,288,0.00036964,0.00060242,0.00118888,0.20233487,0.28784419,0.40182700
0,0,ChinaShanghai,Shanghai,,2020-12-15 07:18:42.795914,2020-10-05 00:00:00.000000,0.00062084,0.00103747,0.00200639,150,251,486,89,146,292,0.00037072,0.00060455,0.00120506,0.20216993,0.29574123,0.39603136
0,0,ChinaShanghai,Shanghai,,2020-12-15 07:18:42.795914,2020-10-06 00:00:00.000000,0.00063055,0.00105947,0.00204211,152,256,495,91,149,297,0.00037719,0.00061607,0.00122726,0.20127653,0.29930003,0.38332200
0,0,ChinaShanghai,Shanghai,,2020-12-15 07:18:42.795914,2020-10-07 00:00:00.000000,0.00064800,0.00107643,0.00208331,157,260,504,93,151,303,0.00038406,0.00062632,0.00125377,0.20116877,0.30122025,0.40214007
0,0,ChinaShanghai,Shanghai,,2020-12-15 07:18:42.795914,2020-10-08 00:00:00.000000,0.00066655,0.00110187,0.00212903,161,267,516,95,155,311,0.00039214,0.00064334,0.00128347,0.20203151,0.30180021,0.39572193
0,0,ChinaShanghai,Shanghai,,2020-12-15 07:18:42.795914,2020-10-09 00:00:00.000000,0.00069626,0.00111859,0.00217881,168,271,528,94,159,318,0.00039089,0.00065603,0.00131560,0.20577953,0.30337494,0.38847285
0,0,ChinaShanghai,Shanghai,,2020-12-15 07:18:42.795914,2020-10-10 00:00:00.000000,0.00072169,0.00114250,0.00223214,174,276,541,96,164,327,0.00039773,0.00067844,0.00134961,0.20694446,0.31019571,0.38328747
0,0,ChinaShanghai,Shanghai,,2020-12-15 07:18:42.795914,2020-10-11 00:00:00.000000,0.00074803,0.00117128,0.00228846,181,283,554,100,167,335,0.00041508,0.00069224,0.00138515,0.20504435,0.31342091,0.38195533
0,0,ChinaShanghai,Shanghai,,2020-12-15 07:18:42.795914,2020-10-12 00:00:00.000000,0.00078000,0.00119437,0.00235316,189,289,570,103,171,344,0.00042772,0.00070792,0.00142192,0.21371126,0.31490414,0.40278216
0,0,ChinaShanghai,Shanghai,,2020-12-15 07:18:42.795914,2020-10-13 00:00:00.000000,0.00081292,0.00122375,0.00242009,197,296,586,106,175,353,0.00044139,0.00072264,0.00145656,0.21365773,0.31546016,0.40812289
0,0,ChinaShanghai,Shanghai,,2020-12-15 07:18:42.795914,2020-10-14 00:00:00.000000,0.00084734,0.00126305,0.00248932,205,306,603,110,176,360,0.00045551,0.00072936,0.00148666,0.21401029,0.31559736,0.40116638
0,0,ChinaShanghai,Shanghai,,2020-12-15 07:18:42.795914,2020-10-15 00:00:00.000000,0.00088418,0.00129527,0.00256067,214,313,620,113,179,366,0.00046857,0.00073971,0.00151359,0.21605955,0.31522132,0.38857653
0,0,ChinaShanghai,Shanghai,,2020-12-15 07:18:42.795914,2020-10-16 00:00:00.000000,0.00092341,0.00131760,0.00263387,223,319,638,116,186,373,0.00048133,0.00076963,0.00153906,0.22169773,0.31207227,0.38632934
0,0,ChinaShanghai,Shanghai,,2020-12-15 07:18:42.795914,2020-10-17 00:00:00.000000,0.00095069,0.00133992,0.00270885,230,324,656,120,189,381,0.00049679,0.00078164,0.00157466,0.22559352,0.31236692,0.39337150
0,0,ChinaShanghai,Shanghai,,2020-12-15 07:18:42.795914,2020-10-18 00:00:00.000000,0.00097866,0.00137446,0.00278602,237,333,675,124,194,392,0.00051459,0.00080112,0.00161992,0.22447186,0.31055816,0.39010911
0,0,ChinaShanghai,Shanghai,,2020-12-15 07:18:42.795914,2020-10-19 00:00:00.000000,0.00100001,0.00141636,0.00287426,242,343,696,129,197,402,0.00053550,0.00081313,0.00166134,0.22896676,0.30885628,0.39029937
0,0,ChinaShanghai,Shanghai,,2020-12-15 07:18:42.795914,2020-10-20 00:00:00.000000,0.00101946,0.00143572,0.00296478,247,348,718,135,199,409,0.00056063,0.00082221,0.00168751,0.23044108,0.30902648,0.38903870
0,0,ChinaShanghai,Shanghai,,2020-12-15 07:18:42.795914,2020-10-21 00:00:00.000000,0.00104480,0.00145288,0.00304273,253,352,737,142,203,417,0.00058861,0.00083930,0.00172356,0.22730551,0.30852172,0.38820250
0,0,ChinaShanghai,Shanghai,,2020-12-15 07:18:42.795914,2020-10-22 00:00:00.000000,0.00106111,0.00147538,0.00310563,257,357,752,145,208,426,0.00059848,0.00085988,0.00175820,0.21552233,0.30581852,0.38277153
0,0,ChinaShanghai,Shanghai,,2020-12-15 07:18:42.795914,2020-10-23 00:00:00.000000,0.00108259,0.00149668,0.00316967,262,362,768,146,213,434,0.00060565,0.00087977,0.00179062,0.21002015,0.30109168,0.37630493
0,0,ChinaShanghai,Shanghai,,2020-12-15 07:18:42.795914,2020-10-24 00:00:00.000000,0.00109580,0.00151727,0.00323276,265,367,783,148,219,441,0.00061135,0.00090351,0.00182100,0.21309187,0.29150607,0.36050976
0,0,ChinaShanghai,Shanghai,,2020-12-15 07:18:42.795914,2020-10-25 00:00:00.000000,0.00110519,0.00154562,0.00328154,267,374,795,149,222,448,0.00061617,0.00091849,0.00184906,0.21142927,0.28256381,0.34875965
0,0,ChinaShanghai,Shanghai,,2020-12-15 07:18:42.795914,2020-10-26 00:00:00.000000,0.00112626,0.00155448,0.00324638,273,376,786,150,225,454,0.00062064,0.00092913,0.00187347,0.19395396,0.28268343,0.34275259
0,0,ChinaShanghai,Shanghai,,2020-12-15 07:18:42.795914,2020-10-27 00:00:00.000000,0.00114898,0.00158420,0.00320661,278,384,777,152,226,462,0.00063118,0.00093415,0.00190620,0.18970332,0.27802387,0.33492364
0,0,ChinaShanghai,Shanghai,,2020-12-15 07:18:42.795914,2020-10-28 00:00:00.000000,0.00115433,0.00159620,0.00316698,279,386,767,156,226,470,0.00064700,0.00093623,0.00194018,0.18452501,0.27497507,0.33303846
0,0,ChinaShanghai,Shanghai,,2020-12-15 07:18:42.795914,2020-10-29 00:00:00.000000,0.00114804,0.00158481,0.00312993,278,384,758,160,229,478,0.00066175,0.00094850,0.00197352,0.18256801,0.26939598,0.32411872
0,0,ChinaShanghai,Shanghai,,2020-12-15 07:18:42.795914,2020-10-30 00:00:00.000000,0.00113513,0.00159404,0.00309615,275,386,750,161,231,486,0.00066787,0.00095417,0.00200597,0.17977310,0.25486925,0.31846245
0,0,ChinaShanghai,Shanghai,,2020-12-15 07:18:42.795914,2020-10-31 00:00:00.000000,0.00112284,0.00160815,0.00307581,272,389,745,160,232,490,0.00066273,0.00095735,0.00202373,0.18005112,0.24660011,0.31782749
0,0,ChinaShanghai,Shanghai,,2020-12-15 07:18:42.795914,2020-11-01 00:00:00.000000,0.00112555,0.00160602,0.00307502,272,389,745,158,232,489,0.00065525,0.00096064,0.00202104,0.17559144,0.24183949,0.31847366
0,0,ChinaShanghai,Shanghai,,2020-12-15 07:18:42.795914,2020-11-02 00:00:00.000000,0.00112522,0.00160141,0.00309953,272,388,751,159,231,486,0.00065930,0.00095387,0.00200736,0.16806414,0.23180211,0.31516214
0,0,ChinaShanghai,Shanghai,,2020-12-15 07:18:42.795914,2020-11-03 00:00:00.000000,0.00111335,0.00158831,0.00311573,269,385,755,157,230,480,0.00064958,0.00095201,0.00198272,0.16778830,0.22835975,0.31480553
0,0,ChinaShanghai,Shanghai,,2020-12-15 07:18:42.795914,2020-11-04 00:00:00.000000,0.00108998,0.00159072,0.00309928,264,385,751,153,231,472,0.00063524,0.00095601,0.00194805,0.16740911,0.22511339,0.31449868
0,0,ChinaShanghai,Shanghai,,2020-12-15 07:18:42.795914,2020-11-05 00:00:00.000000,0.00107964,0.00157711,0.00300403,261,382,728,153,231,461,0.00063152,0.00095663,0.00190467,0.16375558,0.22420111,0.30095436
0,0,ChinaShanghai,Shanghai,,2020-12-15 07:18:42.795914,2020-11-06 00:00:00.000000,0.00107484,0.00157068,0.00290719,260,380,704,153,230,460,0.00063302,0.00095011,0.00189816,0.16021006,0.22001340,0.29220888
0,0,ChinaShanghai,Shanghai,,2020-12-15 07:18:42.795914,2020-11-07 00:00:00.000000,0.00104036,0.00154901,0.00286154,252,375,693,152,227,459,0.00062916,0.00094051,0.00189605,0.15860571,0.21485470,0.30406817
0,0,ChinaShanghai,Shanghai,,2020-12-15 07:18:42.795914,2020-11-08 00:00:00.000000,0.00100075,0.00152094,0.00280636,242,368,680,151,223,457,0.00062318,0.00092157,0.00188880,0.15689293,0.21215312,0.30730113
0,0,ChinaShanghai,Shanghai,,2020-12-15 07:18:42.795914,2020-11-09 00:00:00.000000,0.00097369,0.00149078,0.00275197,236,361,667,150,219,454,0.00062063,0.00090715,0.00187696,0.15503909,0.20357422,0.28230568
0,0,ChinaShanghai,Shanghai,,2020-12-15 07:18:42.795914,2020-11-10 00:00:00.000000,0.00094806,0.00145895,0.00269575,229,353,653,150,215,448,0.00062120,0.00088988,0.00185061,0.15470056,0.19960902,0.30305244
0,0,ChinaShanghai,Shanghai,,2020-12-15 07:18:42.795914,2020-11-11 00:00:00.000000,0.00092429,0.00141332,0.00263899,224,342,639,145,211,440,0.00060022,0.00087262,0.00181591,0.15540678,0.20391007,0.30468506
0,0,ChinaShanghai,Shanghai,,2020-12-15 07:18:42.795914,2020-11-12 00:00:00.000000,0.00090181,0.00137447,0.00258169,218,333,625,140,207,430,0.00057826,0.00085400,0.00177642,0.15368308,0.20096983,0.30417493
0,0,ChinaShanghai,Shanghai,,2020-12-15 07:18:42.795914,2020-11-13 00:00:00.000000,0.00088000,0.00133812,0.00252350,213,324,611,135,202,420,0.00055709,0.00083348,0.00173429,0.15231955,0.20157986,0.30182917
0,0,ChinaShanghai,Shanghai,,2020-12-15 07:18:42.795914,2020-11-14 00:00:00.000000,0.00085876,0.00129793,0.00246422,208,314,597,130,197,409,0.00053825,0.00081541,0.00169102,0.14586807,0.20250726,0.30198543
0,0,ChinaShanghai,Shanghai,,2020-12-15 07:18:42.795914,2020-11-15 00:00:00.000000,0.00083854,0.00126404,0.00240427,203,306,582,126,192,399,0.00052263,0.00079551,0.00164808,0.14440615,0.20521442,0.30547330
0,0,ChinaShanghai,Shanghai,,2020-12-15 07:18:42.795914,2020-11-16 00:00:00.000000,0.00081567,0.00124550,0.00238229,197,301,577,123,188,389,0.00050968,0.00077689,0.00160778,0.14258139,0.20739718,0.30321054
0,0,ChinaShanghai,Shanghai,,2020-12-15 07:18:42.795914,2020-11-17 00:00:00.000000,0.00079394,0.00122470,0.00238159,192,296,577,121,183,381,0.00050181,0.00075714,0.00157231,0.14203072,0.20896878,0.29035341
0,0,ChinaShanghai,Shanghai,,2020-12-15 07:18:42.795914,2020-11-18 00:00:00.000000,0.00079516,0.00120817,0.00238704,192,292,578,120,180,374,0.00049714,0.00074359,0.00154420,0.14190004,0.20963745,0.28596058
0,0,ChinaShanghai,Shanghai,,2020-12-15 07:18:42.795914,2020-11-19 00:00:00.000000,0.00079904,0.00118745,0.00239915,193,287,581,119,179,368,0.00049218,0.00073927,0.00152192,0.14251124,0.21054016,0.29178391
0,0,ChinaShanghai,Shanghai,,2020-12-15 07:18:42.795914,2020-11-20 00:00:00.000000,0.00077573,0.00118219,0.00241414,188,286,585,117,178,364,0.00048305,0.00073781,0.00150259,0.14608853,0.21579298,0.29624296
0,0,ChinaShanghai,Shanghai,,2020-12-15 07:18:42.795914,2020-11-21 00:00:00.000000,0.00076048,0.00115637,0.00238109,184,280,577,116,173,359,0.00047942,0.00071606,0.00148392,0.15513566,0.22055929,0.29856818
0,0,ChinaShanghai,Shanghai,,2020-12-15 07:18:42.795914,2020-11-22 00:00:00.000000,0.00075788,0.00114957,0.00234488,183,278,568,115,171,354,0.00047592,0.00070951,0.00146405,0.16626418,0.22519731,0.30090936
0,0,ChinaShanghai,Shanghai,,2020-12-15 07:18:42.795914,2020-11-23 00:00:00.000000,0.00074261,0.00114013,0.00231331,180,276,560,112,170,349,0.00046515,0.00070423,0.00144206,0.16961995,0.22845765,0.30723233
0,0,ChinaShanghai,Shanghai,,2020-12-15 07:18:42.795914,2020-11-24 00:00:00.000000,0.00073954,0.00113742,0.00227896,179,275,552,109,169,344,0.00045345,0.00069785,0.00142093,0.16385109,0.23004797,0.30833527
0,0,ChinaShanghai,Shanghai,,2020-12-15 07:18:42.795914,2020-11-25 00:00:00.000000,0.00073962,0.00113593,0.00224724,179,275,544,106,168,339,0.00043845,0.00069582,0.00139942,0.16977362,0.23024743,0.31792054
0,0,ChinaShanghai,Shanghai,,2020-12-15 07:18:42.795914,2020-11-26 00:00:00.000000,0.00073847,0.00113458,0.00222120,179,275,538,102,168,333,0.00042432,0.00069406,0.00137713,0.16699055,0.23066164,0.32893317
0,0,ChinaShanghai,Shanghai,,2020-12-15 07:18:42.795914,2020-11-27 00:00:00.000000,0.00073610,0.00113488,0.00219815,178,275,532,99,169,328,0.00041174,0.00069781,0.00135409,0.16510820,0.23745773,0.33064891
0,0,ChinaShanghai,Shanghai,,2020-12-15 07:18:42.795914,2020-11-28 00:00:00.000000,0.00073341,0.00113804,0.00218301,177,275,529,97,170,322,0.00040182,0.00070143,0.00133242,0.16411699,0.24623979,0.33084704
0,0,ChinaShanghai,Shanghai,,2020-12-15 07:18:42.795914,2020-11-29 00:00:00.000000,0.00073529,0.00114574,0.00218062,178,277,528,95,170,320,0.00039555,0.00070513,0.00132069,0.16386984,0.24704660,0.34172164
0,0,ChinaShanghai,Shanghai,,2020-12-15 07:18:42.795914,2020-11-30 00:00:00.000000,0.00073512,0.00115578,0.00221201,178,280,536,94,170,318,0.00039182,0.00070344,0.00131407,0.16452157,0.25199986,0.35289406
0,0,ChinaShanghai,Shanghai,,2020-12-15 07:18:42.795914,2020-12-01 00:00:00.000000,0.00073939,0.00116450,0.00224943,179,282,545,94,171,319,0.00039156,0.00070802,0.00131997,0.16512408,0.25864214,0.35647240
0,0,ChinaShanghai,Shanghai,,2020-12-15 07:18:42.795914,2020-12-02 00:00:00.000000,0.00074421,0.00116337,0.00229044,180,282,555,94,172,323,0.00039155,0.00071043,0.00133434,0.16674791,0.25851504,0.36510632
0,0,ChinaShanghai,Shanghai,,2020-12-15 07:18:42.795914,2020-12-03 00:00:00.000000,0.00073173,0.00116531,0.00232768,177,282,564,95,171,328,0.00039231,0.00070851,0.00135391,0.17300378,0.26052608,0.36511374
0,0,ChinaShanghai,Shanghai,,2020-12-15 07:18:42.795914,2020-12-04 00:00:00.000000,0.00071316,0.00116701,0.00232780,172,282,564,95,173,333,0.00039366,0.00071616,0.00137648,0.17550625,0.26158357,0.36499409
0,0,ChinaShanghai,Shanghai,,2020-12-15 07:18:42.795914,2020-12-05 00:00:00.000000,0.00069604,0.00117381,0.00232881,168,284,564,95,174,339,0.00039535,0.00072194,0.00140071,0.18072834,0.26313812,0.36469902
0,0,ChinaShanghai,Shanghai,,2020-12-15 07:18:42.795914,2020-12-06 00:00:00.000000,0.00068034,0.00119018,0.00233007,164,288,564,96,175,345,0.00039722,0.00072326,0.00142588,0.18072649,0.26611213,0.36401203
0,0,ChinaShanghai,Shanghai,,2020-12-15 07:18:42.795914,2020-12-07 00:00:00.000000,0.00068561,0.00120713,0.00232731,166,292,564,96,176,346,0.00039921,0.00072657,0.00142790,0.18046611,0.26929280,0.36330371
0,0,ChinaShanghai,Shanghai,,2020-12-15 07:18:42.795914,2020-12-08 00:00:00.000000,0.00069250,0.00121201,0.00238603,167,293,578,97,177,345,0.00040374,0.00073110,0.00142716,0.18044919,0.27052527,0.36163815
0,0,ChinaShanghai,Shanghai,,2020-12-15 07:18:42.795914,2020-12-09 00:00:00.000000,0.00070193,0.00123364,0.00245622,170,299,595,98,176,347,0.00040483,0.00072626,0.00143260,0.18143914,0.27329573,0.35767797
0,0,ChinaShanghai,Shanghai,,2020-12-15 07:18:42.795914,2020-12-10 00:00:00.000000,0.00071357,0.00124573,0.00251574,172,301,609,98,177,357,0.00040841,0.00073385,0.00147336,0.18444701,0.27943821,0.36894483
0,0,ChinaShanghai,Shanghai,,2020-12-15 07:18:42.795914,2020-12-11 00:00:00.000000,0.00067980,0.00125911,0.00252821,164,305,612,100,181,363,0.00041379,0.00075000,0.00149937,0.17908025,0.27878236,0.37594502
0,0,ChinaShanghai,Shanghai,,2020-12-15 07:18:42.795914,2020-12-12 00:00:00.000000,0.00068020,0.00126776,0.00254208,164,307,616,101,184,365,0.00042065,0.00075955,0.00150755,0.17584689,0.27656484,0.37952450
0,0,ChinaShanghai,Shanghai,,2020-12-15 07:18:42.795914,2020-12-13 00:00:00.000000,0.00068442,0.00127149,0.00258880,165,308,627,99,184,371,0.00040853,0.00076279,0.00153146,0.17506158,0.27598737,0.37938893
0,0,ChinaShanghai,Shanghai,,2020-12-15 07:18:42.795914,2020-12-14 00:00:00.000000,0.00067866,0.00128859,0.00266202,164,312,645,94,185,382,0.00038981,0.00076722,0.00157735,0.17505872,0.27616392,0.38296374
0,0,ChinaShanghai,Shanghai,,2020-12-15 07:18:42.795914,2020-12-15 00:00:00.000000,0.00067288,0.00130593,0.00274197,163,316,664,90,187,393,0.00037291,0.00077408,0.00162328,0.17505244,0.27273501,0.38380650
0,0,ChinaShanghai,Shanghai,,2020-12-15 07:18:42.795914,2020-12-16 00:00:00.000000,0.00066663,0.00128740,0.00282696,161,312,685,87,190,405,0.00036280,0.00078406,0.00167128,0.17504884,0.27277934,0.38417104
0,0,ChinaShanghai,Shanghai,,2020-12-15 07:18:42.795914,2020-12-17 00:00:00.000000,0.00066014,0.00128398,0.00291660,160,311,706,86,190,417,0.00035751,0.00078391,0.00172205,0.17504759,0.27273075,0.38432370
0,0,ChinaShanghai,Shanghai,,2020-12-15 07:18:42.795914,2020-12-18 00:00:00.000000,0.00065133,0.00130360,0.00301052,157,315,729,85,187,430,0.00035221,0.00077326,0.00177569,0.17504723,0.27266682,0.38551405
0,0,ChinaShanghai,Shanghai,,2020-12-15 07:18:42.795914,2020-12-19 00:00:00.000000,0.00063229,0.00130330,0.00322318,153,315,781,84,189,444,0.00034683,0.00078209,0.00183211,0.17504713,0.27297780,0.38580832
0,0,ChinaShanghai,Shanghai,,2020-12-15 07:18:42.795914,2020-12-20 00:00:00.000000,0.00061377,0.00129602,0.00338573,148,314,820,82,192,458,0.00034145,0.00079275,0.00189113,0.17504711,0.27298493,0.38586919
0,0,ChinaShanghai,Shanghai,,2020-12-15 07:18:42.795914,2020-12-21 00:00:00.000000,0.00059578,0.00127534,0.00348366,144,309,844,81,192,473,0.00033611,0.00079619,0.00195264,0.17504710,0.27298795,0.38588180
0,0,ChinaShanghai,Shanghai,,2020-12-15 07:18:42.795914,2020-12-22 00:00:00.000000,0.00057831,0.00125494,0.00358369,140,304,868,80,189,502,0.00033083,0.00078219,0.00207297,0.17504710,0.27298930,0.38588441
0,0,ChinaShanghai,Shanghai,,2020-12-15 07:18:42.795914,2020-12-23 00:00:00.000000,0.00056136,0.00126641,0.00368040,136,306,892,79,187,520,0.00032697,0.00077376,0.00214776,0.17504710,0.27295758,0.38588495
0,0,ChinaShanghai,Shanghai,,2020-12-15 07:18:42.795914,2020-12-24 00:00:00.000000,0.00054490,0.00128032,0.00377975,132,310,916,78,189,535,0.00032360,0.00078299,0.00220994,0.17504710,0.27290070,0.38588504
0,0,ChinaShanghai,Shanghai,,2020-12-15 07:18:42.795914,2020-12-25 00:00:00.000000,0.00052866,0.00128938,0.00388183,128,312,940,77,188,551,0.00032026,0.00077691,0.00227408,0.17504710,0.27286762,0.38588505
0,0,ChinaShanghai,Shanghai,,2020-12-15 07:18:42.795914,2020-12-26 00:00:00.000000,0.00051272,0.00130981,0.00398669,124,317,966,76,187,567,0.00031694,0.00077325,0.00233976,0.17504710,0.27284847,0.38588505
0,0,ChinaShanghai,Shanghai,,2020-12-15 07:18:42.795914,2020-12-27 00:00:00.000000,0.00049725,0.00133285,0.00409443,120,323,992,75,187,582,0.00030985,0.00077350,0.00240281,0.17504710,0.27283740,0.38588505
0,0,ChinaShanghai,Shanghai,,2020-12-15 07:18:42.795914,2020-12-28 00:00:00.000000,0.00048226,0.00134911,0.00420512,116,327,1019,72,188,598,0.00030044,0.00077789,0.00246759,0.17504710,0.27283102,0.38588504
